1, 7.0
2, 2.0
3, 1.0
4, 0.0
5, 4.0
6, 1.0
7, 4.0
8, 9.0
9, 2.0
10, 9.0
11, 0.0
12, 6.0
13, 9.0
14, 0.0
15, 1.0
16, 5.0
17, 9.0
18, 7.0
19, 3.0
20, 4.0
21, 9.0
22, 6.0
23, 6.0
24, 5.0
25, 4.0
26, 0.0
27, 7.0
28, 4.0
29, 0.0
30, 1.0
31, 3.0
32, 1.0
33, 3.0
34, 4.0
35, 7.0
36, 2.0
37, 7.0
38, 1.0
39, 2.0
40, 1.0
41, 1.0
42, 7.0
43, 4.0
44, 2.0
45, 3.0
46, 5.0
47, 1.0
48, 2.0
49, 4.0
50, 4.0
51, 6.0
52, 3.0
53, 5.0
54, 5.0
55, 6.0
56, 0.0
57, 4.0
58, 1.0
59, 9.0
60, 5.0
61, 7.0
62, 8.0
63, 9.0
64, 3.0
65, 7.0
66, 4.0
67, 6.0
68, 4.0
69, 3.0
70, 0.0
71, 7.0
72, 0.0
73, 2.0
74, 9.0
75, 1.0
76, 7.0
77, 3.0
78, 2.0
79, 9.0
80, 7.0
81, 7.0
82, 6.0
83, 2.0
84, 7.0
85, 8.0
86, 4.0
87, 7.0
88, 3.0
89, 6.0
90, 1.0
91, 3.0
92, 6.0
93, 9.0
94, 3.0
95, 1.0
96, 4.0
97, 1.0
98, 7.0
99, 6.0
100, 9.0
101, 6.0
102, 0.0
103, 5.0
104, 4.0
105, 9.0
106, 9.0
107, 2.0
108, 1.0
109, 9.0
110, 4.0
111, 8.0
112, 7.0
113, 3.0
114, 9.0
115, 7.0
116, 4.0
117, 4.0
118, 4.0
119, 9.0
120, 2.0
121, 5.0
122, 4.0
123, 7.0
124, 6.0
125, 7.0
126, 9.0
127, 3.0
128, 5.0
129, 8.0
130, 5.0
131, 6.0
132, 6.0
133, 5.0
134, 7.0
135, 8.0
136, 1.0
137, 0.0
138, 1.0
139, 6.0
140, 4.0
141, 6.0
142, 7.0
143, 3.0
144, 1.0
145, 7.0
146, 1.0
147, 8.0
148, 2.0
149, 0.0
150, 2.0
151, 9.0
152, 3.0
153, 5.0
154, 5.0
155, 1.0
156, 5.0
157, 6.0
158, 0.0
159, 3.0
160, 4.0
161, 4.0
162, 6.0
163, 5.0
164, 4.0
165, 6.0
166, 5.0
167, 4.0
168, 5.0
169, 1.0
170, 4.0
171, 4.0
172, 7.0
173, 2.0
174, 3.0
175, 2.0
176, 7.0
177, 1.0
178, 8.0
179, 1.0
180, 8.0
181, 1.0
182, 8.0
183, 5.0
184, 0.0
185, 8.0
186, 9.0
187, 2.0
188, 5.0
189, 0.0
190, 1.0
191, 1.0
192, 1.0
193, 0.0
194, 7.0
195, 0.0
196, 5.0
197, 1.0
198, 6.0
199, 4.0
200, 2.0
201, 3.0
202, 6.0
203, 1.0
204, 1.0
205, 1.0
206, 3.0
207, 9.0
208, 5.0
209, 2.0
210, 9.0
211, 4.0
212, 5.0
213, 9.0
214, 3.0
215, 9.0
216, 2.0
217, 3.0
218, 6.0
219, 5.0
220, 5.0
221, 7.0
222, 2.0
223, 2.0
224, 7.0
225, 1.0
226, 2.0
227, 8.0
228, 4.0
229, 1.0
230, 7.0
231, 3.0
232, 3.0
233, 8.0
234, 8.0
235, 7.0
236, 9.0
237, 2.0
238, 2.0
239, 4.0
240, 1.0
241, 5.0
242, 9.0
243, 8.0
244, 7.0
245, 2.0
246, 3.0
247, 0.0
248, 4.0
249, 4.0
250, 2.0
251, 4.0
252, 5.0
253, 9.0
254, 5.0
255, 7.0
256, 7.0
257, 2.0
258, 8.0
259, 2.0
260, 0.0
261, 8.0
262, 5.0
263, 7.0
264, 7.0
265, 9.0
266, 1.0
267, 8.0
268, 1.0
269, 8.0
270, 0.0
271, 3.0
272, 0.0
273, 1.0
274, 9.0
275, 9.0
276, 4.0
277, 1.0
278, 8.0
279, 2.0
280, 1.0
281, 2.0
282, 9.0
283, 1.0
284, 5.0
285, 9.0
286, 2.0
287, 6.0
288, 4.0
289, 1.0
290, 5.0
291, 8.0
292, 2.0
293, 9.0
294, 2.0
295, 0.0
296, 4.0
297, 0.0
298, 0.0
299, 2.0
300, 8.0
301, 4.0
302, 7.0
303, 1.0
304, 2.0
305, 4.0
306, 0.0
307, 2.0
308, 7.0
309, 4.0
310, 3.0
311, 3.0
312, 0.0
313, 0.0
314, 5.0
315, 1.0
316, 9.0
317, 6.0
318, 5.0
319, 2.0
320, 5.0
321, 7.0
322, 2.0
323, 9.0
324, 3.0
325, 5.0
326, 4.0
327, 2.0
328, 0.0
329, 7.0
330, 1.0
331, 1.0
332, 2.0
333, 1.0
334, 5.0
335, 3.0
336, 3.0
337, 9.0
338, 7.0
339, 8.0
340, 6.0
341, 5.0
342, 6.0
343, 1.0
344, 3.0
345, 8.0
346, 1.0
347, 0.0
348, 5.0
349, 1.0
350, 3.0
351, 1.0
352, 5.0
353, 5.0
354, 6.0
355, 1.0
356, 8.0
357, 5.0
358, 1.0
359, 7.0
360, 8.0
361, 4.0
362, 6.0
363, 2.0
364, 2.0
365, 5.0
366, 0.0
367, 6.0
368, 5.0
369, 6.0
370, 3.0
371, 7.0
372, 2.0
373, 0.0
374, 8.0
375, 8.0
376, 5.0
377, 4.0
378, 1.0
379, 1.0
380, 4.0
381, 0.0
382, 3.0
383, 3.0
384, 7.0
385, 6.0
386, 1.0
387, 6.0
388, 2.0
389, 1.0
390, 9.0
391, 2.0
392, 8.0
393, 6.0
394, 1.0
395, 9.0
396, 5.0
397, 2.0
398, 5.0
399, 4.0
400, 4.0
401, 2.0
402, 8.0
403, 3.0
404, 8.0
405, 2.0
406, 4.0
407, 5.0
408, 0.0
409, 3.0
410, 1.0
411, 7.0
412, 7.0
413, 5.0
414, 7.0
415, 9.0
416, 7.0
417, 1.0
418, 9.0
419, 2.0
420, 1.0
421, 4.0
422, 2.0
423, 9.0
424, 2.0
425, 0.0
426, 4.0
427, 9.0
428, 1.0
429, 4.0
430, 8.0
431, 1.0
432, 8.0
433, 4.0
434, 5.0
435, 9.0
436, 8.0
437, 8.0
438, 3.0
439, 7.0
440, 6.0
441, 0.0
442, 0.0
443, 3.0
444, 0.0
445, 2.0
446, 0.0
447, 6.0
448, 4.0
449, 9.0
450, 5.0
451, 3.0
452, 3.0
453, 2.0
454, 3.0
455, 9.0
456, 1.0
457, 2.0
458, 6.0
459, 8.0
460, 0.0
461, 5.0
462, 6.0
463, 6.0
464, 6.0
465, 7.0
466, 8.0
467, 8.0
468, 2.0
469, 7.0
470, 5.0
471, 8.0
472, 9.0
473, 6.0
474, 1.0
475, 8.0
476, 4.0
477, 1.0
478, 2.0
479, 5.0
480, 9.0
481, 1.0
482, 9.0
483, 7.0
484, 5.0
485, 4.0
486, 0.0
487, 8.0
488, 9.0
489, 9.0
490, 1.0
491, 0.0
492, 5.0
493, 2.0
494, 3.0
495, 7.0
496, 2.0
497, 9.0
498, 4.0
499, 0.0
500, 6.0
501, 3.0
502, 9.0
503, 5.0
504, 2.0
505, 1.0
506, 3.0
507, 1.0
508, 5.0
509, 6.0
510, 5.0
511, 7.0
512, 4.0
513, 2.0
514, 2.0
515, 6.0
516, 3.0
517, 2.0
518, 6.0
519, 5.0
520, 4.0
521, 8.0
522, 9.0
523, 7.0
524, 1.0
525, 3.0
526, 0.0
527, 3.0
528, 8.0
529, 3.0
530, 1.0
531, 9.0
532, 3.0
533, 4.0
534, 4.0
535, 6.0
536, 4.0
537, 2.0
538, 1.0
539, 8.0
540, 2.0
541, 5.0
542, 4.0
543, 8.0
544, 8.0
545, 4.0
546, 0.0
547, 0.0
548, 2.0
549, 5.0
550, 2.0
551, 7.0
552, 7.0
553, 5.0
554, 8.0
555, 7.0
556, 4.0
557, 4.0
558, 7.0
559, 9.0
560, 6.0
561, 9.0
562, 0.0
563, 9.0
564, 8.0
565, 0.0
566, 4.0
567, 6.0
568, 0.0
569, 6.0
570, 3.0
571, 5.0
572, 4.0
573, 8.0
574, 3.0
575, 3.0
576, 9.0
577, 3.0
578, 3.0
579, 3.0
580, 7.0
581, 8.0
582, 0.0
583, 8.0
584, 2.0
585, 1.0
586, 7.0
587, 0.0
588, 6.0
589, 5.0
590, 4.0
591, 3.0
592, 8.0
593, 0.0
594, 9.0
595, 6.0
596, 3.0
597, 8.0
598, 0.0
599, 9.0
600, 9.0
601, 6.0
602, 8.0
603, 6.0
604, 8.0
605, 5.0
606, 7.0
607, 3.0
608, 6.0
609, 0.0
610, 2.0
611, 4.0
612, 0.0
613, 2.0
614, 2.0
615, 3.0
616, 1.0
617, 9.0
618, 7.0
619, 5.0
620, 8.0
621, 0.0
622, 8.0
623, 4.0
624, 6.0
625, 2.0
626, 6.0
627, 7.0
628, 7.0
629, 3.0
630, 2.0
631, 9.0
632, 8.0
633, 2.0
634, 2.0
635, 9.0
636, 2.0
637, 7.0
638, 3.0
639, 5.0
640, 9.0
641, 1.0
642, 8.0
643, 0.0
644, 2.0
645, 0.0
646, 5.0
647, 2.0
648, 1.0
649, 3.0
650, 7.0
651, 6.0
652, 7.0
653, 1.0
654, 2.0
655, 5.0
656, 8.0
657, 0.0
658, 3.0
659, 7.0
660, 8.0
661, 4.0
662, 0.0
663, 9.0
664, 1.0
665, 8.0
666, 6.0
667, 7.0
668, 7.0
669, 4.0
670, 3.0
671, 4.0
672, 9.0
673, 1.0
674, 9.0
675, 5.0
676, 1.0
677, 7.0
678, 3.0
679, 9.0
680, 7.0
681, 6.0
682, 9.0
683, 1.0
684, 3.0
685, 3.0
686, 8.0
687, 3.0
688, 3.0
689, 6.0
690, 7.0
691, 2.0
692, 4.0
693, 5.0
694, 8.0
695, 5.0
696, 1.0
697, 1.0
698, 4.0
699, 4.0
700, 3.0
701, 1.0
702, 0.0
703, 7.0
704, 7.0
705, 0.0
706, 7.0
707, 9.0
708, 8.0
709, 4.0
710, 8.0
711, 5.0
712, 5.0
713, 4.0
714, 0.0
715, 8.0
716, 2.0
717, 1.0
718, 6.0
719, 8.0
720, 4.0
721, 8.0
722, 0.0
723, 4.0
724, 6.0
725, 6.0
726, 1.0
727, 7.0
728, 3.0
729, 2.0
730, 6.0
731, 7.0
732, 2.0
733, 6.0
734, 9.0
735, 3.0
736, 1.0
737, 4.0
738, 6.0
739, 2.0
740, 5.0
741, 9.0
742, 2.0
743, 0.0
744, 6.0
745, 2.0
746, 1.0
747, 7.0
748, 3.0
749, 4.0
750, 1.0
751, 0.0
752, 5.0
753, 4.0
754, 3.0
755, 1.0
756, 1.0
757, 7.0
758, 4.0
759, 9.0
760, 9.0
761, 4.0
762, 8.0
763, 4.0
764, 0.0
765, 2.0
766, 4.0
767, 5.0
768, 1.0
769, 1.0
770, 6.0
771, 4.0
772, 7.0
773, 1.0
774, 9.0
775, 4.0
776, 2.0
777, 4.0
778, 1.0
779, 5.0
780, 5.0
781, 3.0
782, 8.0
783, 3.0
784, 1.0
785, 4.0
786, 5.0
787, 6.0
788, 8.0
789, 9.0
790, 4.0
791, 1.0
792, 5.0
793, 3.0
794, 8.0
795, 0.0
796, 3.0
797, 2.0
798, 5.0
799, 1.0
800, 2.0
801, 8.0
802, 3.0
803, 4.0
804, 4.0
805, 0.0
806, 8.0
807, 8.0
808, 3.0
809, 3.0
810, 1.0
811, 7.0
812, 3.0
813, 5.0
814, 8.0
815, 6.0
816, 3.0
817, 2.0
818, 6.0
819, 1.0
820, 3.0
821, 6.0
822, 0.0
823, 7.0
824, 2.0
825, 1.0
826, 7.0
827, 1.0
828, 4.0
829, 2.0
830, 4.0
831, 2.0
832, 1.0
833, 7.0
834, 9.0
835, 6.0
836, 1.0
837, 1.0
838, 2.0
839, 4.0
840, 8.0
841, 1.0
842, 7.0
843, 7.0
844, 4.0
845, 8.0
846, 0.0
847, 7.0
848, 3.0
849, 1.0
850, 3.0
851, 1.0
852, 0.0
853, 7.0
854, 7.0
855, 0.0
856, 3.0
857, 5.0
858, 5.0
859, 2.0
860, 7.0
861, 6.0
862, 6.0
863, 9.0
864, 2.0
865, 8.0
866, 3.0
867, 5.0
868, 2.0
869, 2.0
870, 5.0
871, 6.0
872, 0.0
873, 8.0
874, 2.0
875, 9.0
876, 2.0
877, 8.0
878, 8.0
879, 8.0
880, 8.0
881, 7.0
882, 4.0
883, 7.0
884, 5.0
885, 0.0
886, 6.0
887, 6.0
888, 3.0
889, 2.0
890, 1.0
891, 3.0
892, 2.0
893, 2.0
894, 9.0
895, 3.0
896, 0.0
897, 2.0
898, 5.0
899, 7.0
900, 8.0
901, 1.0
902, 4.0
903, 4.0
904, 6.0
905, 0.0
906, 2.0
907, 9.0
908, 1.0
909, 4.0
910, 7.0
911, 4.0
912, 7.0
913, 3.0
914, 9.0
915, 8.0
916, 8.0
917, 4.0
918, 7.0
919, 1.0
920, 2.0
921, 1.0
922, 2.0
923, 2.0
924, 3.0
925, 7.0
926, 3.0
927, 2.0
928, 3.0
929, 9.0
930, 1.0
931, 7.0
932, 4.0
933, 0.0
934, 3.0
935, 5.0
936, 5.0
937, 8.0
938, 6.0
939, 3.0
940, 2.0
941, 6.0
942, 7.0
943, 6.0
944, 6.0
945, 3.0
946, 2.0
947, 7.0
948, 8.0
949, 1.0
950, 1.0
951, 7.0
952, 4.0
953, 6.0
954, 4.0
955, 9.0
956, 5.0
957, 1.0
958, 3.0
959, 3.0
960, 4.0
961, 7.0
962, 8.0
963, 7.0
964, 1.0
965, 1.0
966, 5.0
967, 9.0
968, 1.0
969, 4.0
970, 4.0
971, 5.0
972, 4.0
973, 0.0
974, 6.0
975, 2.0
976, 2.0
977, 3.0
978, 1.0
979, 5.0
980, 1.0
981, 2.0
982, 0.0
983, 3.0
984, 8.0
985, 1.0
986, 2.0
987, 6.0
988, 7.0
989, 1.0
990, 6.0
991, 2.0
992, 3.0
993, 7.0
994, 0.0
995, 1.0
996, 2.0
997, 2.0
998, 0.0
999, 8.0
1000, 7.0
1001, 9.0
1002, 0.0
1003, 2.0
1004, 5.0
1005, 1.0
1006, 9.0
1007, 7.0
1008, 8.0
1009, 1.0
1010, 0.0
1011, 4.0
1012, 1.0
1013, 7.0
1014, 9.0
1015, 6.0
1016, 4.0
1017, 2.0
1018, 6.0
1019, 8.0
1020, 1.0
1021, 3.0
1022, 7.0
1023, 5.0
1024, 4.0
1025, 4.0
1026, 1.0
1027, 8.0
1028, 1.0
1029, 3.0
1030, 8.0
1031, 1.0
1032, 2.0
1033, 5.0
1034, 8.0
1035, 0.0
1036, 6.0
1037, 2.0
1038, 1.0
1039, 1.0
1040, 1.0
1041, 1.0
1042, 5.0
1043, 3.0
1044, 4.0
1045, 8.0
1046, 9.0
1047, 5.0
1048, 0.0
1049, 9.0
1050, 2.0
1051, 2.0
1052, 4.0
1053, 8.0
1054, 2.0
1055, 1.0
1056, 7.0
1057, 2.0
1058, 4.0
1059, 9.0
1060, 4.0
1061, 4.0
1062, 0.0
1063, 3.0
1064, 9.0
1065, 2.0
1066, 2.0
1067, 3.0
1068, 3.0
1069, 8.0
1070, 3.0
1071, 5.0
1072, 7.0
1073, 3.0
1074, 5.0
1075, 8.0
1076, 1.0
1077, 2.0
1078, 4.0
1079, 4.0
1080, 6.0
1081, 4.0
1082, 9.0
1083, 5.0
1084, 1.0
1085, 0.0
1086, 6.0
1087, 9.0
1088, 5.0
1089, 9.0
1090, 5.0
1091, 9.0
1092, 7.0
1093, 3.0
1094, 2.0
1095, 0.0
1096, 3.0
1097, 7.0
1098, 1.0
1099, 3.0
1100, 6.0
1101, 7.0
1102, 8.0
1103, 5.0
1104, 9.0
1105, 7.0
1106, 9.0
1107, 6.0
1108, 9.0
1109, 6.0
1110, 3.0
1111, 7.0
1112, 4.0
1113, 6.0
1114, 5.0
1115, 3.0
1116, 5.0
1117, 4.0
1118, 7.0
1119, 8.0
1120, 7.0
1121, 8.0
1122, 0.0
1123, 7.0
1124, 6.0
1125, 8.0
1126, 8.0
1127, 7.0
1128, 3.0
1129, 3.0
1130, 1.0
1131, 9.0
1132, 5.0
1133, 2.0
1134, 7.0
1135, 3.0
1136, 5.0
1137, 1.0
1138, 1.0
1139, 2.0
1140, 1.0
1141, 4.0
1142, 7.0
1143, 4.0
1144, 7.0
1145, 5.0
1146, 4.0
1147, 5.0
1148, 4.0
1149, 0.0
1150, 8.0
1151, 3.0
1152, 6.0
1153, 9.0
1154, 6.0
1155, 0.0
1156, 2.0
1157, 7.0
1158, 4.0
1159, 4.0
1160, 4.0
1161, 4.0
1162, 6.0
1163, 6.0
1164, 4.0
1165, 7.0
1166, 9.0
1167, 3.0
1168, 4.0
1169, 5.0
1170, 5.0
1171, 8.0
1172, 7.0
1173, 3.0
1174, 7.0
1175, 2.0
1176, 7.0
1177, 0.0
1178, 2.0
1179, 4.0
1180, 1.0
1181, 1.0
1182, 6.0
1183, 8.0
1184, 9.0
1185, 2.0
1186, 8.0
1187, 7.0
1188, 2.0
1189, 0.0
1190, 1.0
1191, 5.0
1192, 0.0
1193, 4.0
1194, 1.0
1195, 7.0
1196, 0.0
1197, 6.0
1198, 0.0
1199, 8.0
1200, 6.0
1201, 5.0
1202, 1.0
1203, 8.0
1204, 0.0
1205, 3.0
1206, 3.0
1207, 7.0
1208, 2.0
1209, 3.0
1210, 6.0
1211, 2.0
1212, 1.0
1213, 8.0
1214, 1.0
1215, 1.0
1216, 3.0
1217, 7.0
1218, 9.0
1219, 0.0
1220, 8.0
1221, 0.0
1222, 5.0
1223, 4.0
1224, 0.0
1225, 2.0
1226, 8.0
1227, 2.0
1228, 2.0
1229, 3.0
1230, 8.0
1231, 4.0
1232, 0.0
1233, 8.0
1234, 5.0
1235, 8.0
1236, 5.0
1237, 1.0
1238, 2.0
1239, 1.0
1240, 3.0
1241, 1.0
1242, 7.0
1243, 9.0
1244, 5.0
1245, 7.0
1246, 2.0
1247, 0.0
1248, 3.0
1249, 5.0
1250, 8.0
1251, 6.0
1252, 2.0
1253, 5.0
1254, 4.0
1255, 1.0
1256, 9.0
1257, 2.0
1258, 1.0
1259, 5.0
1260, 8.0
1261, 7.0
1262, 0.0
1263, 2.0
1264, 4.0
1265, 4.0
1266, 3.0
1267, 6.0
1268, 8.0
1269, 8.0
1270, 2.0
1271, 4.0
1272, 0.0
1273, 5.0
1274, 0.0
1275, 4.0
1276, 4.0
1277, 7.0
1278, 9.0
1279, 3.0
1280, 4.0
1281, 1.0
1282, 5.0
1283, 8.0
1284, 2.0
1285, 3.0
1286, 5.0
1287, 8.0
1288, 8.0
1289, 0.0
1290, 5.0
1291, 5.0
1292, 3.0
1293, 6.0
1294, 6.0
1295, 0.0
1296, 1.0
1297, 6.0
1298, 0.0
1299, 3.0
1300, 7.0
1301, 4.0
1302, 4.0
1303, 1.0
1304, 2.0
1305, 9.0
1306, 1.0
1307, 4.0
1308, 6.0
1309, 9.0
1310, 9.0
1311, 3.0
1312, 9.0
1313, 8.0
1314, 4.0
1315, 4.0
1316, 3.0
1317, 1.0
1318, 3.0
1319, 1.0
1320, 3.0
1321, 8.0
1322, 7.0
1323, 9.0
1324, 4.0
1325, 8.0
1326, 8.0
1327, 1.0
1328, 9.0
1329, 9.0
1330, 1.0
1331, 4.0
1332, 5.0
1333, 6.0
1334, 0.0
1335, 5.0
1336, 2.0
1337, 2.0
1338, 2.0
1339, 1.0
1340, 5.0
1341, 5.0
1342, 2.0
1343, 4.0
1344, 7.0
1345, 6.0
1346, 2.0
1347, 7.0
1348, 7.0
1349, 2.0
1350, 2.0
1351, 1.0
1352, 1.0
1353, 2.0
1354, 8.0
1355, 3.0
1356, 7.0
1357, 2.0
1358, 4.0
1359, 1.0
1360, 7.0
1361, 1.0
1362, 7.0
1363, 6.0
1364, 7.0
1365, 8.0
1366, 2.0
1367, 7.0
1368, 3.0
1369, 1.0
1370, 7.0
1371, 5.0
1372, 8.0
1373, 2.0
1374, 6.0
1375, 2.0
1376, 2.0
1377, 5.0
1378, 6.0
1379, 5.0
1380, 0.0
1381, 9.0
1382, 2.0
1383, 4.0
1384, 3.0
1385, 3.0
1386, 9.0
1387, 7.0
1388, 6.0
1389, 6.0
1390, 8.0
1391, 0.0
1392, 4.0
1393, 1.0
1394, 5.0
1395, 8.0
1396, 2.0
1397, 9.0
1398, 1.0
1399, 8.0
1400, 0.0
1401, 6.0
1402, 7.0
1403, 2.0
1404, 1.0
1405, 0.0
1406, 5.0
1407, 5.0
1408, 2.0
1409, 0.0
1410, 2.0
1411, 2.0
1412, 0.0
1413, 2.0
1414, 4.0
1415, 9.0
1416, 8.0
1417, 0.0
1418, 9.0
1419, 9.0
1420, 4.0
1421, 6.0
1422, 5.0
1423, 4.0
1424, 9.0
1425, 1.0
1426, 8.0
1427, 3.0
1428, 4.0
1429, 9.0
1430, 9.0
1431, 1.0
1432, 2.0
1433, 2.0
1434, 8.0
1435, 1.0
1436, 9.0
1437, 6.0
1438, 4.0
1439, 0.0
1440, 9.0
1441, 4.0
1442, 8.0
1443, 3.0
1444, 8.0
1445, 2.0
1446, 0.0
1447, 2.0
1448, 5.0
1449, 1.0
1450, 9.0
1451, 6.0
1452, 2.0
1453, 9.0
1454, 4.0
1455, 0.0
1456, 9.0
1457, 6.0
1458, 0.0
1459, 6.0
1460, 2.0
1461, 5.0
1462, 4.0
1463, 2.0
1464, 3.0
1465, 8.0
1466, 4.0
1467, 5.0
1468, 5.0
1469, 2.0
1470, 3.0
1471, 8.0
1472, 5.0
1473, 3.0
1474, 5.0
1475, 8.0
1476, 6.0
1477, 5.0
1478, 7.0
1479, 6.0
1480, 3.0
1481, 3.0
1482, 9.0
1483, 6.0
1484, 1.0
1485, 1.0
1486, 2.0
1487, 9.0
1488, 0.0
1489, 4.0
1490, 3.0
1491, 3.0
1492, 6.0
1493, 9.0
1494, 5.0
1495, 7.0
1496, 3.0
1497, 7.0
1498, 7.0
1499, 7.0
1500, 8.0
1501, 1.0
1502, 9.0
1503, 8.0
1504, 3.0
1505, 0.0
1506, 7.0
1507, 2.0
1508, 7.0
1509, 9.0
1510, 4.0
1511, 5.0
1512, 4.0
1513, 9.0
1514, 3.0
1515, 2.0
1516, 1.0
1517, 4.0
1518, 0.0
1519, 2.0
1520, 3.0
1521, 7.0
1522, 5.0
1523, 7.0
1524, 8.0
1525, 8.0
1526, 5.0
1527, 0.0
1528, 1.0
1529, 1.0
1530, 4.0
1531, 7.0
1532, 3.0
1533, 9.0
1534, 0.0
1535, 0.0
1536, 0.0
1537, 6.0
1538, 6.0
1539, 2.0
1540, 3.0
1541, 7.0
1542, 8.0
1543, 4.0
1544, 7.0
1545, 7.0
1546, 9.0
1547, 2.0
1548, 4.0
1549, 1.0
1550, 4.0
1551, 5.0
1552, 2.0
1553, 4.0
1554, 3.0
1555, 8.0
1556, 1.0
1557, 8.0
1558, 4.0
1559, 0.0
1560, 3.0
1561, 8.0
1562, 4.0
1563, 8.0
1564, 7.0
1565, 7.0
1566, 0.0
1567, 7.0
1568, 8.0
1569, 8.0
1570, 6.0
1571, 0.0
1572, 4.0
1573, 8.0
1574, 8.0
1575, 2.0
1576, 4.0
1577, 7.0
1578, 6.0
1579, 6.0
1580, 6.0
1581, 4.0
1582, 7.0
1583, 1.0
1584, 8.0
1585, 9.0
1586, 2.0
1587, 3.0
1588, 5.0
1589, 3.0
1590, 0.0
1591, 0.0
1592, 3.0
1593, 7.0
1594, 6.0
1595, 9.0
1596, 7.0
1597, 9.0
1598, 7.0
1599, 5.0
1600, 4.0
1601, 3.0
1602, 3.0
1603, 6.0
1604, 1.0
1605, 2.0
1606, 3.0
1607, 7.0
1608, 3.0
1609, 3.0
1610, 2.0
1611, 0.0
1612, 3.0
1613, 3.0
1614, 8.0
1615, 4.0
1616, 3.0
1617, 6.0
1618, 3.0
1619, 5.0
1620, 0.0
1621, 2.0
1622, 0.0
1623, 9.0
1624, 0.0
1625, 7.0
1626, 4.0
1627, 5.0
1628, 9.0
1629, 3.0
1630, 5.0
1631, 1.0
1632, 9.0
1633, 6.0
1634, 1.0
1635, 4.0
1636, 5.0
1637, 4.0
1638, 5.0
1639, 0.0
1640, 5.0
1641, 9.0
1642, 5.0
1643, 2.0
1644, 1.0
1645, 2.0
1646, 9.0
1647, 1.0
1648, 9.0
1649, 9.0
1650, 4.0
1651, 0.0
1652, 8.0
1653, 4.0
1654, 5.0
1655, 2.0
1656, 9.0
1657, 2.0
1658, 1.0
1659, 2.0
1660, 1.0
1661, 7.0
1662, 3.0
1663, 6.0
1664, 8.0
1665, 8.0
1666, 4.0
1667, 9.0
1668, 1.0
1669, 9.0
1670, 8.0
1671, 5.0
1672, 7.0
1673, 5.0
1674, 1.0
1675, 1.0
1676, 8.0
1677, 6.0
1678, 5.0
1679, 2.0
1680, 4.0
1681, 4.0
1682, 7.0
1683, 2.0
1684, 3.0
1685, 5.0
1686, 6.0
1687, 5.0
1688, 8.0
1689, 6.0
1690, 2.0
1691, 3.0
1692, 8.0
1693, 0.0
1694, 5.0
1695, 8.0
1696, 9.0
1697, 2.0
1698, 9.0
1699, 6.0
1700, 7.0
1701, 0.0
1702, 4.0
1703, 8.0
1704, 7.0
1705, 1.0
1706, 7.0
1707, 4.0
1708, 1.0
1709, 0.0
1710, 3.0
1711, 7.0
1712, 2.0
1713, 2.0
1714, 0.0
1715, 9.0
1716, 1.0
1717, 1.0
1718, 0.0
1719, 7.0
1720, 8.0
1721, 4.0
1722, 7.0
1723, 2.0
1724, 0.0
1725, 4.0
1726, 6.0
1727, 0.0
1728, 3.0
1729, 1.0
1730, 1.0
1731, 3.0
1732, 3.0
1733, 9.0
1734, 6.0
1735, 7.0
1736, 4.0
1737, 1.0
1738, 5.0
1739, 3.0
1740, 0.0
1741, 8.0
1742, 7.0
1743, 3.0
1744, 9.0
1745, 6.0
1746, 9.0
1747, 3.0
1748, 5.0
1749, 0.0
1750, 2.0
1751, 7.0
1752, 4.0
1753, 5.0
1754, 1.0
1755, 2.0
1756, 5.0
1757, 8.0
1758, 0.0
1759, 8.0
1760, 8.0
1761, 1.0
1762, 5.0
1763, 0.0
1764, 3.0
1765, 0.0
1766, 3.0
1767, 1.0
1768, 4.0
1769, 0.0
1770, 3.0
1771, 7.0
1772, 2.0
1773, 7.0
1774, 6.0
1775, 8.0
1776, 0.0
1777, 7.0
1778, 0.0
1779, 4.0
1780, 3.0
1781, 1.0
1782, 9.0
1783, 8.0
1784, 7.0
1785, 7.0
1786, 1.0
1787, 4.0
1788, 9.0
1789, 9.0
1790, 3.0
1791, 2.0
1792, 1.0
1793, 7.0
1794, 9.0
1795, 0.0
1796, 2.0
1797, 0.0
1798, 3.0
1799, 3.0
1800, 7.0
1801, 4.0
1802, 9.0
1803, 2.0
1804, 3.0
1805, 3.0
1806, 7.0
1807, 7.0
1808, 0.0
1809, 0.0
1810, 1.0
1811, 5.0
1812, 2.0
1813, 9.0
1814, 8.0
1815, 7.0
1816, 4.0
1817, 4.0
1818, 2.0
1819, 6.0
1820, 6.0
1821, 1.0
1822, 9.0
1823, 6.0
1824, 8.0
1825, 2.0
1826, 9.0
1827, 0.0
1828, 8.0
1829, 3.0
1830, 1.0
1831, 1.0
1832, 6.0
1833, 3.0
1834, 5.0
1835, 1.0
1836, 1.0
1837, 1.0
1838, 3.0
1839, 1.0
1840, 2.0
1841, 3.0
1842, 0.0
1843, 2.0
1844, 2.0
1845, 1.0
1846, 3.0
1847, 5.0
1848, 5.0
1849, 7.0
1850, 4.0
1851, 8.0
1852, 9.0
1853, 6.0
1854, 9.0
1855, 6.0
1856, 8.0
1857, 3.0
1858, 6.0
1859, 6.0
1860, 8.0
1861, 5.0
1862, 1.0
1863, 4.0
1864, 2.0
1865, 4.0
1866, 4.0
1867, 5.0
1868, 1.0
1869, 1.0
1870, 9.0
1871, 0.0
1872, 2.0
1873, 4.0
1874, 9.0
1875, 5.0
1876, 7.0
1877, 1.0
1878, 8.0
1879, 8.0
1880, 5.0
1881, 6.0
1882, 9.0
1883, 8.0
1884, 7.0
1885, 1.0
1886, 1.0
1887, 6.0
1888, 7.0
1889, 6.0
1890, 3.0
1891, 2.0
1892, 2.0
1893, 0.0
1894, 8.0
1895, 9.0
1896, 2.0
1897, 5.0
1898, 1.0
1899, 0.0
1900, 8.0
1901, 1.0
1902, 4.0
1903, 5.0
1904, 7.0
1905, 9.0
1906, 6.0
1907, 9.0
1908, 0.0
1909, 6.0
1910, 1.0
1911, 5.0
1912, 5.0
1913, 8.0
1914, 3.0
1915, 8.0
1916, 2.0
1917, 6.0
1918, 5.0
1919, 2.0
1920, 7.0
1921, 4.0
1922, 6.0
1923, 1.0
1924, 3.0
1925, 4.0
1926, 7.0
1927, 3.0
1928, 2.0
1929, 3.0
1930, 4.0
1931, 2.0
1932, 5.0
1933, 2.0
1934, 7.0
1935, 1.0
1936, 7.0
1937, 2.0
1938, 6.0
1939, 4.0
1940, 1.0
1941, 0.0
1942, 2.0
1943, 8.0
1944, 6.0
1945, 0.0
1946, 1.0
1947, 8.0
1948, 2.0
1949, 5.0
1950, 7.0
1951, 7.0
1952, 6.0
1953, 8.0
1954, 3.0
1955, 5.0
1956, 8.0
1957, 4.0
1958, 2.0
1959, 4.0
1960, 0.0
1961, 8.0
1962, 8.0
1963, 3.0
1964, 4.0
1965, 9.0
1966, 2.0
1967, 7.0
1968, 5.0
1969, 8.0
1970, 6.0
1971, 5.0
1972, 6.0
1973, 0.0
1974, 8.0
1975, 6.0
1976, 7.0
1977, 3.0
1978, 6.0
1979, 4.0
1980, 9.0
1981, 4.0
1982, 6.0
1983, 6.0
1984, 3.0
1985, 2.0
1986, 4.0
1987, 1.0
1988, 9.0
1989, 1.0
1990, 4.0
1991, 6.0
1992, 2.0
1993, 9.0
1994, 1.0
1995, 1.0
1996, 0.0
1997, 6.0
1998, 3.0
1999, 9.0
2000, 5.0
2001, 6.0
2002, 5.0
2003, 6.0
2004, 5.0
2005, 8.0
2006, 4.0
2007, 6.0
2008, 4.0
2009, 3.0
2010, 9.0
2011, 1.0
2012, 3.0
2013, 4.0
2014, 1.0
2015, 9.0
2016, 1.0
2017, 2.0
2018, 1.0
2019, 1.0
2020, 9.0
2021, 3.0
2022, 5.0
2023, 4.0
2024, 0.0
2025, 7.0
2026, 3.0
2027, 6.0
2028, 1.0
2029, 7.0
2030, 5.0
2031, 5.0
2032, 3.0
2033, 3.0
2034, 0.0
2035, 1.0
2036, 5.0
2037, 7.0
2038, 5.0
2039, 8.0
2040, 6.0
2041, 5.0
2042, 1.0
2043, 0.0
2044, 8.0
2045, 2.0
2046, 3.0
2047, 4.0
2048, 6.0
2049, 7.0
2050, 9.0
2051, 8.0
2052, 1.0
2053, 8.0
2054, 9.0
2055, 9.0
2056, 2.0
2057, 8.0
2058, 6.0
2059, 2.0
2060, 7.0
2061, 0.0
2062, 0.0
2063, 6.0
2064, 7.0
2065, 5.0
2066, 8.0
2067, 6.0
2068, 0.0
2069, 9.0
2070, 3.0
2071, 9.0
2072, 1.0
2073, 3.0
2074, 5.0
2075, 4.0
2076, 3.0
2077, 3.0
2078, 5.0
2079, 5.0
2080, 6.0
2081, 3.0
2082, 0.0
2083, 2.0
2084, 3.0
2085, 4.0
2086, 2.0
2087, 3.0
2088, 0.0
2089, 9.0
2090, 9.0
2091, 4.0
2092, 7.0
2093, 2.0
2094, 8.0
2095, 4.0
2096, 7.0
2097, 0.0
2098, 6.0
2099, 2.0
2100, 8.0
2101, 5.0
2102, 2.0
2103, 8.0
2104, 5.0
2105, 7.0
2106, 3.0
2107, 0.0
2108, 8.0
2109, 2.0
2110, 4.0
2111, 2.0
2112, 8.0
2113, 2.0
2114, 5.0
2115, 5.0
2116, 7.0
2117, 6.0
2118, 4.0
2119, 3.0
2120, 8.0
2121, 4.0
2122, 8.0
2123, 2.0
2124, 7.0
2125, 4.0
2126, 5.0
2127, 2.0
2128, 0.0
2129, 3.0
2130, 8.0
2131, 4.0
2132, 6.0
2133, 7.0
2134, 2.0
2135, 5.0
2136, 6.0
2137, 1.0
2138, 1.0
2139, 2.0
2140, 3.0
2141, 6.0
2142, 7.0
2143, 8.0
2144, 7.0
2145, 6.0
2146, 4.0
2147, 8.0
2148, 9.0
2149, 4.0
2150, 8.0
2151, 6.0
2152, 3.0
2153, 8.0
2154, 3.0
2155, 1.0
2156, 0.0
2157, 6.0
2158, 2.0
2159, 2.0
2160, 5.0
2161, 6.0
2162, 9.0
2163, 5.0
2164, 8.0
2165, 1.0
2166, 4.0
2167, 1.0
2168, 7.0
2169, 8.0
2170, 4.0
2171, 6.0
2172, 1.0
2173, 8.0
2174, 4.0
2175, 3.0
2176, 1.0
2177, 2.0
2178, 8.0
2179, 0.0
2180, 8.0
2181, 5.0
2182, 9.0
2183, 1.0
2184, 4.0
2185, 2.0
2186, 5.0
2187, 2.0
2188, 7.0
2189, 0.0
2190, 8.0
2191, 0.0
2192, 2.0
2193, 5.0
2194, 7.0
2195, 6.0
2196, 7.0
2197, 9.0
2198, 4.0
2199, 2.0
2200, 6.0
2201, 2.0
2202, 4.0
2203, 4.0
2204, 8.0
2205, 0.0
2206, 4.0
2207, 4.0
2208, 5.0
2209, 8.0
2210, 0.0
2211, 6.0
2212, 8.0
2213, 9.0
2214, 8.0
2215, 5.0
2216, 5.0
2217, 9.0
2218, 0.0
2219, 4.0
2220, 8.0
2221, 7.0
2222, 1.0
2223, 3.0
2224, 4.0
2225, 5.0
2226, 8.0
2227, 0.0
2228, 9.0
2229, 1.0
2230, 3.0
2231, 3.0
2232, 6.0
2233, 9.0
2234, 8.0
2235, 7.0
2236, 1.0
2237, 0.0
2238, 5.0
2239, 7.0
2240, 1.0
2241, 7.0
2242, 5.0
2243, 2.0
2244, 7.0
2245, 9.0
2246, 1.0
2247, 8.0
2248, 5.0
2249, 2.0
2250, 4.0
2251, 9.0
2252, 4.0
2253, 7.0
2254, 2.0
2255, 2.0
2256, 3.0
2257, 4.0
2258, 9.0
2259, 1.0
2260, 9.0
2261, 2.0
2262, 1.0
2263, 7.0
2264, 9.0
2265, 4.0
2266, 4.0
2267, 1.0
2268, 6.0
2269, 7.0
2270, 2.0
2271, 7.0
2272, 8.0
2273, 8.0
2274, 1.0
2275, 9.0
2276, 7.0
2277, 1.0
2278, 1.0
2279, 7.0
2280, 5.0
2281, 3.0
2282, 3.0
2283, 5.0
2284, 1.0
2285, 3.0
2286, 7.0
2287, 6.0
2288, 1.0
2289, 3.0
2290, 8.0
2291, 7.0
2292, 5.0
2293, 9.0
2294, 2.0
2295, 0.0
2296, 0.0
2297, 2.0
2298, 8.0
2299, 8.0
2300, 2.0
2301, 3.0
2302, 7.0
2303, 1.0
2304, 3.0
2305, 0.0
2306, 3.0
2307, 4.0
2308, 4.0
2309, 3.0
2310, 8.0
2311, 9.0
2312, 2.0
2313, 3.0
2314, 9.0
2315, 7.0
2316, 1.0
2317, 1.0
2318, 7.0
2319, 0.0
2320, 4.0
2321, 5.0
2322, 6.0
2323, 5.0
2324, 9.0
2325, 1.0
2326, 2.0
2327, 0.0
2328, 2.0
2329, 0.0
2330, 2.0
2331, 4.0
2332, 6.0
2333, 7.0
2334, 2.0
2335, 7.0
2336, 1.0
2337, 4.0
2338, 6.0
2339, 4.0
2340, 5.0
2341, 4.0
2342, 9.0
2343, 9.0
2344, 1.0
2345, 7.0
2346, 7.0
2347, 5.0
2348, 3.0
2349, 3.0
2350, 8.0
2351, 2.0
2352, 3.0
2353, 6.0
2354, 2.0
2355, 2.0
2356, 1.0
2357, 1.0
2358, 1.0
2359, 1.0
2360, 1.0
2361, 6.0
2362, 9.0
2363, 8.0
2364, 4.0
2365, 3.0
2366, 7.0
2367, 1.0
2368, 6.0
2369, 4.0
2370, 9.0
2371, 0.0
2372, 4.0
2373, 7.0
2374, 4.0
2375, 2.0
2376, 4.0
2377, 0.0
2378, 7.0
2379, 3.0
2380, 1.0
2381, 9.0
2382, 8.0
2383, 8.0
2384, 6.0
2385, 0.0
2386, 0.0
2387, 4.0
2388, 1.0
2389, 6.0
2390, 8.0
2391, 2.0
2392, 2.0
2393, 3.0
2394, 3.0
2395, 4.0
2396, 8.0
2397, 2.0
2398, 2.0
2399, 1.0
2400, 7.0
2401, 5.0
2402, 4.0
2403, 4.0
2404, 0.0
2405, 4.0
2406, 3.0
2407, 4.0
2408, 7.0
2409, 3.0
2410, 1.0
2411, 0.0
2412, 1.0
2413, 2.0
2414, 5.0
2415, 4.0
2416, 2.0
2417, 1.0
2418, 0.0
2419, 1.0
2420, 8.0
2421, 9.0
2422, 1.0
2423, 4.0
2424, 8.0
2425, 3.0
2426, 8.0
2427, 9.0
2428, 3.0
2429, 6.0
2430, 2.0
2431, 8.0
2432, 3.0
2433, 2.0
2434, 2.0
2435, 1.0
2436, 0.0
2437, 4.0
2438, 2.0
2439, 9.0
2440, 2.0
2441, 4.0
2442, 3.0
2443, 7.0
2444, 9.0
2445, 1.0
2446, 5.0
2447, 2.0
2448, 4.0
2449, 8.0
2450, 0.0
2451, 3.0
2452, 8.0
2453, 5.0
2454, 3.0
2455, 6.0
2456, 0.0
2457, 9.0
2458, 4.0
2459, 6.0
2460, 2.0
2461, 5.0
2462, 0.0
2463, 2.0
2464, 7.0
2465, 4.0
2466, 6.0
2467, 6.0
2468, 8.0
2469, 6.0
2470, 6.0
2471, 8.0
2472, 6.0
2473, 9.0
2474, 8.0
2475, 7.0
2476, 2.0
2477, 5.0
2478, 9.0
2479, 9.0
2480, 0.0
2481, 7.0
2482, 2.0
2483, 7.0
2484, 6.0
2485, 7.0
2486, 0.0
2487, 6.0
2488, 5.0
2489, 2.0
2490, 4.0
2491, 7.0
2492, 2.0
2493, 0.0
2494, 9.0
2495, 9.0
2496, 2.0
2497, 2.0
2498, 9.0
2499, 4.0
2500, 4.0
2501, 2.0
2502, 3.0
2503, 3.0
2504, 2.0
2505, 1.0
2506, 7.0
2507, 0.0
2508, 7.0
2509, 6.0
2510, 4.0
2511, 1.0
2512, 3.0
2513, 8.0
2514, 7.0
2515, 4.0
2516, 5.0
2517, 9.0
2518, 2.0
2519, 5.0
2520, 1.0
2521, 8.0
2522, 7.0
2523, 3.0
2524, 7.0
2525, 1.0
2526, 5.0
2527, 5.0
2528, 0.0
2529, 9.0
2530, 1.0
2531, 4.0
2532, 0.0
2533, 6.0
2534, 3.0
2535, 5.0
2536, 6.0
2537, 0.0
2538, 4.0
2539, 9.0
2540, 7.0
2541, 5.0
2542, 1.0
2543, 6.0
2544, 8.0
2545, 7.0
2546, 5.0
2547, 5.0
2548, 7.0
2549, 9.0
2550, 3.0
2551, 8.0
2552, 3.0
2553, 8.0
2554, 1.0
2555, 5.0
2556, 3.0
2557, 5.0
2558, 0.0
2559, 5.0
2560, 5.0
2561, 3.0
2562, 8.0
2563, 6.0
2564, 7.0
2565, 7.0
2566, 7.0
2567, 3.0
2568, 7.0
2569, 0.0
2570, 5.0
2571, 8.0
2572, 0.0
2573, 2.0
2574, 8.0
2575, 5.0
2576, 3.0
2577, 1.0
2578, 7.0
2579, 7.0
2580, 8.0
2581, 6.0
2582, 5.0
2583, 7.0
2584, 3.0
2585, 8.0
2586, 9.0
2587, 5.0
2588, 3.0
2589, 7.0
2590, 9.0
2591, 1.0
2592, 7.0
2593, 0.0
2594, 0.0
2595, 3.0
2596, 7.0
2597, 2.0
2598, 5.0
2599, 2.0
2600, 1.0
2601, 8.0
2602, 6.0
2603, 2.0
2604, 9.0
2605, 5.0
2606, 7.0
2607, 5.0
2608, 8.0
2609, 8.0
2610, 6.0
2611, 2.0
2612, 5.0
2613, 1.0
2614, 4.0
2615, 8.0
2616, 4.0
2617, 5.0
2618, 8.0
2619, 5.0
2620, 0.0
2621, 6.0
2622, 2.0
2623, 7.0
2624, 3.0
2625, 3.0
2626, 2.0
2627, 1.0
2628, 0.0
2629, 7.0
2630, 3.0
2631, 4.0
2632, 6.0
2633, 3.0
2634, 9.0
2635, 3.0
2636, 2.0
2637, 8.0
2638, 9.0
2639, 0.0
2640, 3.0
2641, 8.0
2642, 0.0
2643, 7.0
2644, 6.0
2645, 5.0
2646, 4.0
2647, 7.0
2648, 3.0
2649, 0.0
2650, 0.0
2651, 8.0
2652, 6.0
2653, 2.0
2654, 5.0
2655, 6.0
2656, 1.0
2657, 0.0
2658, 0.0
2659, 4.0
2660, 4.0
2661, 0.0
2662, 1.0
2663, 2.0
2664, 3.0
2665, 2.0
2666, 7.0
2667, 7.0
2668, 8.0
2669, 5.0
2670, 2.0
2671, 5.0
2672, 7.0
2673, 6.0
2674, 9.0
2675, 1.0
2676, 4.0
2677, 1.0
2678, 6.0
2679, 4.0
2680, 2.0
2681, 4.0
2682, 3.0
2683, 5.0
2684, 4.0
2685, 3.0
2686, 9.0
2687, 5.0
2688, 0.0
2689, 1.0
2690, 5.0
2691, 3.0
2692, 8.0
2693, 9.0
2694, 1.0
2695, 9.0
2696, 7.0
2697, 9.0
2698, 5.0
2699, 5.0
2700, 2.0
2701, 7.0
2702, 4.0
2703, 6.0
2704, 0.0
2705, 1.0
2706, 1.0
2707, 1.0
2708, 0.0
2709, 4.0
2710, 4.0
2711, 7.0
2712, 6.0
2713, 3.0
2714, 8.0
2715, 0.0
2716, 4.0
2717, 3.0
2718, 0.0
2719, 6.0
2720, 1.0
2721, 9.0
2722, 2.0
2723, 1.0
2724, 3.0
2725, 8.0
2726, 1.0
2727, 2.0
2728, 5.0
2729, 6.0
2730, 2.0
2731, 7.0
2732, 3.0
2733, 6.0
2734, 0.0
2735, 1.0
2736, 9.0
2737, 7.0
2738, 6.0
2739, 6.0
2740, 8.0
2741, 9.0
2742, 2.0
2743, 9.0
2744, 5.0
2745, 8.0
2746, 3.0
2747, 1.0
2748, 0.0
2749, 0.0
2750, 7.0
2751, 6.0
2752, 6.0
2753, 2.0
2754, 1.0
2755, 6.0
2756, 9.0
2757, 3.0
2758, 1.0
2759, 3.0
2760, 6.0
2761, 9.0
2762, 0.0
2763, 6.0
2764, 0.0
2765, 0.0
2766, 0.0
2767, 6.0
2768, 3.0
2769, 5.0
2770, 9.0
2771, 3.0
2772, 4.0
2773, 5.0
2774, 5.0
2775, 8.0
2776, 5.0
2777, 3.0
2778, 0.0
2779, 4.0
2780, 0.0
2781, 2.0
2782, 9.0
2783, 6.0
2784, 8.0
2785, 2.0
2786, 3.0
2787, 1.0
2788, 2.0
2789, 1.0
2790, 1.0
2791, 5.0
2792, 6.0
2793, 9.0
2794, 8.0
2795, 0.0
2796, 6.0
2797, 6.0
2798, 5.0
2799, 5.0
2800, 3.0
2801, 8.0
2802, 6.0
2803, 2.0
2804, 1.0
2805, 4.0
2806, 5.0
2807, 4.0
2808, 3.0
2809, 7.0
2810, 8.0
2811, 3.0
2812, 0.0
2813, 9.0
2814, 3.0
2815, 5.0
2816, 1.0
2817, 1.0
2818, 0.0
2819, 4.0
2820, 4.0
2821, 7.0
2822, 0.0
2823, 1.0
2824, 7.0
2825, 0.0
2826, 1.0
2827, 6.0
2828, 1.0
2829, 4.0
2830, 5.0
2831, 6.0
2832, 6.0
2833, 5.0
2834, 7.0
2835, 8.0
2836, 4.0
2837, 4.0
2838, 7.0
2839, 2.0
2840, 5.0
2841, 3.0
2842, 7.0
2843, 0.0
2844, 7.0
2845, 7.0
2846, 9.0
2847, 6.0
2848, 4.0
2849, 2.0
2850, 8.0
2851, 5.0
2852, 7.0
2853, 8.0
2854, 3.0
2855, 9.0
2856, 5.0
2857, 8.0
2858, 9.0
2859, 9.0
2860, 8.0
2861, 6.0
2862, 2.0
2863, 8.0
2864, 9.0
2865, 2.0
2866, 3.0
2867, 6.0
2868, 1.0
2869, 1.0
2870, 8.0
2871, 9.0
2872, 3.0
2873, 4.0
2874, 0.0
2875, 7.0
2876, 9.0
2877, 6.0
2878, 4.0
2879, 1.0
2880, 4.0
2881, 1.0
2882, 3.0
2883, 4.0
2884, 9.0
2885, 3.0
2886, 1.0
2887, 4.0
2888, 7.0
2889, 7.0
2890, 4.0
2891, 7.0
2892, 2.0
2893, 9.0
2894, 3.0
2895, 0.0
2896, 8.0
2897, 0.0
2898, 8.0
2899, 4.0
2900, 0.0
2901, 4.0
2902, 4.0
2903, 1.0
2904, 5.0
2905, 2.0
2906, 8.0
2907, 3.0
2908, 4.0
2909, 9.0
2910, 5.0
2911, 2.0
2912, 8.0
2913, 1.0
2914, 5.0
2915, 3.0
2916, 7.0
2917, 9.0
2918, 4.0
2919, 2.0
2920, 5.0
2921, 6.0
2922, 3.0
2923, 5.0
2924, 9.0
2925, 3.0
2926, 5.0
2927, 9.0
2928, 3.0
2929, 1.0
2930, 9.0
2931, 5.0
2932, 3.0
2933, 0.0
2934, 6.0
2935, 9.0
2936, 8.0
2937, 4.0
2938, 0.0
2939, 4.0
2940, 7.0
2941, 2.0
2942, 9.0
2943, 0.0
2944, 1.0
2945, 0.0
2946, 3.0
2947, 1.0
2948, 6.0
2949, 5.0
2950, 8.0
2951, 1.0
2952, 5.0
2953, 3.0
2954, 5.0
2955, 0.0
2956, 3.0
2957, 5.0
2958, 5.0
2959, 9.0
2960, 2.0
2961, 8.0
2962, 7.0
2963, 0.0
2964, 4.0
2965, 9.0
2966, 1.0
2967, 9.0
2968, 7.0
2969, 7.0
2970, 5.0
2971, 5.0
2972, 2.0
2973, 0.0
2974, 9.0
2975, 1.0
2976, 8.0
2977, 6.0
2978, 2.0
2979, 3.0
2980, 7.0
2981, 6.0
2982, 2.0
2983, 1.0
2984, 9.0
2985, 1.0
2986, 3.0
2987, 5.0
2988, 5.0
2989, 0.0
2990, 3.0
2991, 8.0
2992, 3.0
2993, 3.0
2994, 7.0
2995, 6.0
2996, 6.0
2997, 0.0
2998, 1.0
2999, 4.0
3000, 0.0
3001, 6.0
3002, 8.0
3003, 8.0
3004, 1.0
3005, 2.0
3006, 8.0
3007, 9.0
3008, 5.0
3009, 9.0
3010, 7.0
3011, 3.0
3012, 7.0
3013, 8.0
3014, 0.0
3015, 1.0
3016, 3.0
3017, 0.0
3018, 4.0
3019, 6.0
3020, 1.0
3021, 0.0
3022, 2.0
3023, 5.0
3024, 8.0
3025, 4.0
3026, 4.0
3027, 1.0
3028, 1.0
3029, 5.0
3030, 4.0
3031, 6.0
3032, 6.0
3033, 0.0
3034, 6.0
3035, 9.0
3036, 2.0
3037, 6.0
3038, 2.0
3039, 7.0
3040, 1.0
3041, 7.0
3042, 9.0
3043, 4.0
3044, 0.0
3045, 0.0
3046, 3.0
3047, 8.0
3048, 2.0
3049, 2.0
3050, 3.0
3051, 1.0
3052, 6.0
3053, 0.0
3054, 5.0
3055, 7.0
3056, 7.0
3057, 9.0
3058, 2.0
3059, 6.0
3060, 7.0
3061, 7.0
3062, 7.0
3063, 5.0
3064, 6.0
3065, 8.0
3066, 8.0
3067, 4.0
3068, 6.0
3069, 8.0
3070, 4.0
3071, 1.0
3072, 2.0
3073, 8.0
3074, 2.0
3075, 3.0
3076, 9.0
3077, 4.0
3078, 0.0
3079, 3.0
3080, 7.0
3081, 3.0
3082, 2.0
3083, 3.0
3084, 3.0
3085, 7.0
3086, 3.0
3087, 4.0
3088, 0.0
3089, 6.0
3090, 2.0
3091, 9.0
3092, 8.0
3093, 1.0
3094, 5.0
3095, 3.0
3096, 5.0
3097, 4.0
3098, 1.0
3099, 7.0
3100, 1.0
3101, 5.0
3102, 7.0
3103, 5.0
3104, 7.0
3105, 3.0
3106, 2.0
3107, 2.0
3108, 7.0
3109, 3.0
3110, 1.0
3111, 5.0
3112, 7.0
3113, 8.0
3114, 5.0
3115, 4.0
3116, 5.0
3117, 2.0
3118, 5.0
3119, 6.0
3120, 5.0
3121, 3.0
3122, 6.0
3123, 7.0
3124, 4.0
3125, 1.0
3126, 7.0
3127, 1.0
3128, 5.0
3129, 2.0
3130, 3.0
3131, 5.0
3132, 3.0
3133, 2.0
3134, 4.0
3135, 2.0
3136, 6.0
3137, 8.0
3138, 4.0
3139, 3.0
3140, 8.0
3141, 0.0
3142, 6.0
3143, 2.0
3144, 1.0
3145, 6.0
3146, 5.0
3147, 3.0
3148, 9.0
3149, 1.0
3150, 9.0
3151, 3.0
3152, 2.0
3153, 1.0
3154, 8.0
3155, 4.0
3156, 4.0
3157, 6.0
3158, 3.0
3159, 8.0
3160, 6.0
3161, 9.0
3162, 7.0
3163, 7.0
3164, 8.0
3165, 6.0
3166, 9.0
3167, 7.0
3168, 3.0
3169, 9.0
3170, 4.0
3171, 0.0
3172, 5.0
3173, 4.0
3174, 6.0
3175, 4.0
3176, 1.0
3177, 2.0
3178, 3.0
3179, 0.0
3180, 0.0
3181, 2.0
3182, 6.0
3183, 6.0
3184, 5.0
3185, 7.0
3186, 0.0
3187, 8.0
3188, 6.0
3189, 4.0
3190, 7.0
3191, 9.0
3192, 0.0
3193, 7.0
3194, 3.0
3195, 4.0
3196, 2.0
3197, 1.0
3198, 8.0
3199, 8.0
3200, 5.0
3201, 9.0
3202, 2.0
3203, 7.0
3204, 1.0
3205, 8.0
3206, 8.0
3207, 8.0
3208, 2.0
3209, 7.0
3210, 6.0
3211, 0.0
3212, 1.0
3213, 2.0
3214, 7.0
3215, 1.0
3216, 0.0
3217, 8.0
3218, 3.0
3219, 5.0
3220, 0.0
3221, 5.0
3222, 3.0
3223, 6.0
3224, 2.0
3225, 8.0
3226, 1.0
3227, 0.0
3228, 1.0
3229, 4.0
3230, 2.0
3231, 1.0
3232, 1.0
3233, 4.0
3234, 4.0
3235, 4.0
3236, 4.0
3237, 7.0
3238, 1.0
3239, 6.0
3240, 2.0
3241, 9.0
3242, 9.0
3243, 2.0
3244, 0.0
3245, 1.0
3246, 8.0
3247, 8.0
3248, 4.0
3249, 3.0
3250, 4.0
3251, 2.0
3252, 9.0
3253, 6.0
3254, 1.0
3255, 6.0
3256, 1.0
3257, 2.0
3258, 2.0
3259, 2.0
3260, 1.0
3261, 2.0
3262, 3.0
3263, 7.0
3264, 8.0
3265, 1.0
3266, 0.0
3267, 0.0
3268, 2.0
3269, 1.0
3270, 6.0
3271, 6.0
3272, 0.0
3273, 1.0
3274, 6.0
3275, 2.0
3276, 5.0
3277, 1.0
3278, 7.0
3279, 4.0
3280, 8.0
3281, 2.0
3282, 1.0
3283, 4.0
3284, 3.0
3285, 8.0
3286, 3.0
3287, 9.0
3288, 9.0
3289, 4.0
3290, 8.0
3291, 3.0
3292, 4.0
3293, 7.0
3294, 2.0
3295, 7.0
3296, 5.0
3297, 7.0
3298, 0.0
3299, 4.0
3300, 3.0
3301, 3.0
3302, 2.0
3303, 6.0
3304, 7.0
3305, 6.0
3306, 0.0
3307, 0.0
3308, 6.0
3309, 7.0
3310, 7.0
3311, 0.0
3312, 5.0
3313, 5.0
3314, 8.0
3315, 1.0
3316, 0.0
3317, 7.0
3318, 0.0
3319, 2.0
3320, 8.0
3321, 1.0
3322, 5.0
3323, 0.0
3324, 8.0
3325, 8.0
3326, 0.0
3327, 3.0
3328, 2.0
3329, 7.0
3330, 7.0
3331, 2.0
3332, 6.0
3333, 4.0
3334, 7.0
3335, 5.0
3336, 5.0
3337, 5.0
3338, 2.0
3339, 9.0
3340, 2.0
3341, 8.0
3342, 4.0
3343, 5.0
3344, 8.0
3345, 8.0
3346, 5.0
3347, 0.0
3348, 0.0
3349, 8.0
3350, 7.0
3351, 6.0
3352, 1.0
3353, 7.0
3354, 1.0
3355, 1.0
3356, 2.0
3357, 7.0
3358, 4.0
3359, 0.0
3360, 0.0
3361, 7.0
3362, 7.0
3363, 6.0
3364, 3.0
3365, 8.0
3366, 6.0
3367, 4.0
3368, 2.0
3369, 0.0
3370, 1.0
3371, 4.0
3372, 0.0
3373, 5.0
3374, 7.0
3375, 8.0
3376, 2.0
3377, 7.0
3378, 4.0
3379, 7.0
3380, 1.0
3381, 1.0
3382, 3.0
3383, 6.0
3384, 6.0
3385, 0.0
3386, 9.0
3387, 1.0
3388, 9.0
3389, 4.0
3390, 8.0
3391, 3.0
3392, 6.0
3393, 9.0
3394, 5.0
3395, 9.0
3396, 6.0
3397, 2.0
3398, 4.0
3399, 6.0
3400, 7.0
3401, 7.0
3402, 0.0
3403, 6.0
3404, 6.0
3405, 9.0
3406, 4.0
3407, 8.0
3408, 3.0
3409, 5.0
3410, 3.0
3411, 4.0
3412, 9.0
3413, 0.0
3414, 0.0
3415, 5.0
3416, 2.0
3417, 5.0
3418, 0.0
3419, 1.0
3420, 1.0
3421, 1.0
3422, 1.0
3423, 6.0
3424, 7.0
3425, 6.0
3426, 7.0
3427, 9.0
3428, 6.0
3429, 6.0
3430, 4.0
3431, 1.0
3432, 4.0
3433, 3.0
3434, 1.0
3435, 1.0
3436, 2.0
3437, 2.0
3438, 4.0
3439, 1.0
3440, 0.0
3441, 8.0
3442, 7.0
3443, 6.0
3444, 3.0
3445, 4.0
3446, 0.0
3447, 0.0
3448, 6.0
3449, 3.0
3450, 3.0
3451, 0.0
3452, 7.0
3453, 1.0
3454, 7.0
3455, 1.0
3456, 1.0
3457, 3.0
3458, 1.0
3459, 0.0
3460, 9.0
3461, 9.0
3462, 7.0
3463, 5.0
3464, 4.0
3465, 1.0
3466, 4.0
3467, 8.0
3468, 9.0
3469, 5.0
3470, 3.0
3471, 5.0
3472, 1.0
3473, 9.0
3474, 3.0
3475, 2.0
3476, 7.0
3477, 3.0
3478, 9.0
3479, 9.0
3480, 0.0
3481, 1.0
3482, 0.0
3483, 2.0
3484, 9.0
3485, 3.0
3486, 9.0
3487, 3.0
3488, 3.0
3489, 6.0
3490, 2.0
3491, 4.0
3492, 9.0
3493, 8.0
3494, 3.0
3495, 7.0
3496, 4.0
3497, 0.0
3498, 4.0
3499, 7.0
3500, 8.0
3501, 4.0
3502, 9.0
3503, 8.0
3504, 1.0
3505, 9.0
3506, 7.0
3507, 5.0
3508, 9.0
3509, 2.0
3510, 8.0
3511, 2.0
3512, 2.0
3513, 0.0
3514, 2.0
3515, 2.0
3516, 3.0
3517, 8.0
3518, 4.0
3519, 6.0
3520, 8.0
3521, 4.0
3522, 8.0
3523, 2.0
3524, 4.0
3525, 6.0
3526, 7.0
3527, 9.0
3528, 3.0
3529, 3.0
3530, 9.0
3531, 4.0
3532, 3.0
3533, 1.0
3534, 4.0
3535, 4.0
3536, 7.0
3537, 0.0
3538, 5.0
3539, 9.0
3540, 6.0
3541, 0.0
3542, 4.0
3543, 4.0
3544, 4.0
3545, 4.0
3546, 6.0
3547, 1.0
3548, 2.0
3549, 3.0
3550, 2.0
3551, 6.0
3552, 4.0
3553, 5.0
3554, 9.0
3555, 6.0
3556, 8.0
3557, 5.0
3558, 6.0
3559, 0.0
3560, 5.0
3561, 6.0
3562, 4.0
3563, 1.0
3564, 8.0
3565, 6.0
3566, 5.0
3567, 2.0
3568, 8.0
3569, 4.0
3570, 5.0
3571, 5.0
3572, 4.0
3573, 7.0
3574, 7.0
3575, 7.0
3576, 7.0
3577, 8.0
3578, 2.0
3579, 2.0
3580, 3.0
3581, 7.0
3582, 0.0
3583, 1.0
3584, 8.0
3585, 0.0
3586, 7.0
3587, 1.0
3588, 9.0
3589, 8.0
3590, 7.0
3591, 5.0
3592, 5.0
3593, 9.0
3594, 1.0
3595, 7.0
3596, 5.0
3597, 4.0
3598, 3.0
3599, 5.0
3600, 2.0
3601, 2.0
3602, 6.0
3603, 6.0
3604, 6.0
3605, 7.0
3606, 1.0
3607, 1.0
3608, 4.0
3609, 0.0
3610, 7.0
3611, 4.0
3612, 2.0
3613, 4.0
3614, 0.0
3615, 6.0
3616, 4.0
3617, 7.0
3618, 6.0
3619, 7.0
3620, 5.0
3621, 3.0
3622, 4.0
3623, 6.0
3624, 5.0
3625, 0.0
3626, 1.0
3627, 8.0
3628, 8.0
3629, 2.0
3630, 8.0
3631, 3.0
3632, 5.0
3633, 7.0
3634, 8.0
3635, 2.0
3636, 8.0
3637, 5.0
3638, 7.0
3639, 1.0
3640, 1.0
3641, 0.0
3642, 1.0
3643, 3.0
3644, 7.0
3645, 8.0
3646, 5.0
3647, 0.0
3648, 7.0
3649, 1.0
3650, 1.0
3651, 0.0
3652, 1.0
3653, 1.0
3654, 4.0
3655, 5.0
3656, 2.0
3657, 7.0
3658, 6.0
3659, 2.0
3660, 3.0
3661, 0.0
3662, 2.0
3663, 8.0
3664, 5.0
3665, 9.0
3666, 6.0
3667, 9.0
3668, 7.0
3669, 2.0
3670, 1.0
3671, 3.0
3672, 6.0
3673, 4.0
3674, 1.0
3675, 8.0
3676, 2.0
3677, 4.0
3678, 0.0
3679, 5.0
3680, 1.0
3681, 0.0
3682, 3.0
3683, 2.0
3684, 6.0
3685, 4.0
3686, 4.0
3687, 3.0
3688, 9.0
3689, 6.0
3690, 1.0
3691, 6.0
3692, 5.0
3693, 7.0
3694, 9.0
3695, 2.0
3696, 0.0
3697, 2.0
3698, 6.0
3699, 0.0
3700, 1.0
3701, 4.0
3702, 3.0
3703, 5.0
3704, 2.0
3705, 8.0
3706, 8.0
3707, 0.0
3708, 8.0
3709, 8.0
3710, 9.0
3711, 0.0
3712, 9.0
3713, 6.0
3714, 7.0
3715, 6.0
3716, 3.0
3717, 9.0
3718, 3.0
3719, 4.0
3720, 7.0
3721, 7.0
3722, 1.0
3723, 4.0
3724, 9.0
3725, 0.0
3726, 6.0
3727, 9.0
3728, 3.0
3729, 4.0
3730, 2.0
3731, 7.0
3732, 2.0
3733, 8.0
3734, 1.0
3735, 0.0
3736, 0.0
3737, 7.0
3738, 8.0
3739, 3.0
3740, 3.0
3741, 3.0
3742, 1.0
3743, 3.0
3744, 7.0
3745, 6.0
3746, 1.0
3747, 3.0
3748, 1.0
3749, 6.0
3750, 6.0
3751, 5.0
3752, 2.0
3753, 4.0
3754, 7.0
3755, 5.0
3756, 9.0
3757, 5.0
3758, 3.0
3759, 4.0
3760, 9.0
3761, 9.0
3762, 1.0
3763, 6.0
3764, 5.0
3765, 0.0
3766, 1.0
3767, 3.0
3768, 2.0
3769, 0.0
3770, 9.0
3771, 4.0
3772, 8.0
3773, 2.0
3774, 2.0
3775, 0.0
3776, 2.0
3777, 5.0
3778, 1.0
3779, 5.0
3780, 1.0
3781, 4.0
3782, 8.0
3783, 8.0
3784, 9.0
3785, 1.0
3786, 2.0
3787, 1.0
3788, 3.0
3789, 5.0
3790, 1.0
3791, 0.0
3792, 9.0
3793, 4.0
3794, 4.0
3795, 8.0
3796, 3.0
3797, 8.0
3798, 5.0
3799, 9.0
3800, 7.0
3801, 6.0
3802, 6.0
3803, 2.0
3804, 0.0
3805, 0.0
3806, 0.0
3807, 5.0
3808, 8.0
3809, 8.0
3810, 1.0
3811, 5.0
3812, 2.0
3813, 3.0
3814, 8.0
3815, 5.0
3816, 1.0
3817, 8.0
3818, 2.0
3819, 0.0
3820, 4.0
3821, 9.0
3822, 9.0
3823, 6.0
3824, 2.0
3825, 3.0
3826, 3.0
3827, 5.0
3828, 6.0
3829, 4.0
3830, 8.0
3831, 0.0
3832, 9.0
3833, 2.0
3834, 8.0
3835, 3.0
3836, 6.0
3837, 7.0
3838, 5.0
3839, 8.0
3840, 2.0
3841, 9.0
3842, 4.0
3843, 9.0
3844, 1.0
3845, 2.0
3846, 8.0
3847, 2.0
3848, 0.0
3849, 7.0
3850, 0.0
3851, 4.0
3852, 1.0
3853, 1.0
3854, 0.0
3855, 7.0
3856, 0.0
3857, 9.0
3858, 7.0
3859, 1.0
3860, 9.0
3861, 5.0
3862, 9.0
3863, 2.0
3864, 5.0
3865, 0.0
3866, 4.0
3867, 1.0
3868, 0.0
3869, 8.0
3870, 4.0
3871, 0.0
3872, 8.0
3873, 9.0
3874, 8.0
3875, 9.0
3876, 4.0
3877, 8.0
3878, 5.0
3879, 7.0
3880, 9.0
3881, 8.0
3882, 9.0
3883, 8.0
3884, 0.0
3885, 9.0
3886, 9.0
3887, 6.0
3888, 8.0
3889, 9.0
3890, 9.0
3891, 5.0
3892, 9.0
3893, 8.0
3894, 5.0
3895, 1.0
3896, 0.0
3897, 3.0
3898, 3.0
3899, 5.0
3900, 2.0
3901, 1.0
3902, 6.0
3903, 5.0
3904, 0.0
3905, 2.0
3906, 8.0
3907, 3.0
3908, 5.0
3909, 6.0
3910, 2.0
3911, 3.0
3912, 0.0
3913, 2.0
3914, 2.0
3915, 6.0
3916, 4.0
3917, 3.0
3918, 5.0
3919, 5.0
3920, 1.0
3921, 7.0
3922, 2.0
3923, 1.0
3924, 6.0
3925, 9.0
3926, 1.0
3927, 3.0
3928, 9.0
3929, 5.0
3930, 5.0
3931, 1.0
3932, 6.0
3933, 2.0
3934, 2.0
3935, 8.0
3936, 6.0
3937, 7.0
3938, 1.0
3939, 4.0
3940, 6.0
3941, 0.0
3942, 4.0
3943, 0.0
3944, 5.0
3945, 3.0
3946, 2.0
3947, 8.0
3948, 3.0
3949, 6.0
3950, 8.0
3951, 7.0
3952, 7.0
3953, 5.0
3954, 3.0
3955, 8.0
3956, 5.0
3957, 4.0
3958, 5.0
3959, 2.0
3960, 0.0
3961, 5.0
3962, 6.0
3963, 3.0
3964, 2.0
3965, 8.0
3966, 3.0
3967, 9.0
3968, 7.0
3969, 5.0
3970, 7.0
3971, 9.0
3972, 4.0
3973, 6.0
3974, 7.0
3975, 1.0
3976, 3.0
3977, 1.0
3978, 3.0
3979, 6.0
3980, 6.0
3981, 0.0
3982, 9.0
3983, 0.0
3984, 1.0
3985, 8.0
3986, 4.0
3987, 2.0
3988, 8.0
3989, 8.0
3990, 0.0
3991, 1.0
3992, 6.0
3993, 9.0
3994, 7.0
3995, 5.0
3996, 3.0
3997, 4.0
3998, 7.0
3999, 4.0
4000, 9.0
4001, 4.0
4002, 4.0
4003, 3.0
4004, 6.0
4005, 3.0
4006, 1.0
4007, 1.0
4008, 7.0
4009, 6.0
4010, 9.0
4011, 1.0
4012, 8.0
4013, 4.0
4014, 1.0
4015, 1.0
4016, 9.0
4017, 9.0
4018, 4.0
4019, 3.0
4020, 6.0
4021, 8.0
4022, 1.0
4023, 6.0
4024, 0.0
4025, 4.0
4026, 1.0
4027, 3.0
4028, 7.0
4029, 7.0
4030, 4.0
4031, 9.0
4032, 5.0
4033, 1.0
4034, 0.0
4035, 0.0
4036, 1.0
4037, 1.0
4038, 6.0
4039, 2.0
4040, 1.0
4041, 9.0
4042, 8.0
4043, 4.0
4044, 0.0
4045, 3.0
4046, 6.0
4047, 4.0
4048, 9.0
4049, 0.0
4050, 7.0
4051, 1.0
4052, 6.0
4053, 5.0
4054, 7.0
4055, 5.0
4056, 2.0
4057, 5.0
4058, 1.0
4059, 8.0
4060, 5.0
4061, 4.0
4062, 7.0
4063, 0.0
4064, 5.0
4065, 7.0
4066, 0.0
4067, 2.0
4068, 5.0
4069, 8.0
4070, 1.0
4071, 0.0
4072, 4.0
4073, 5.0
4074, 7.0
4075, 1.0
4076, 3.0
4077, 5.0
4078, 1.0
4079, 3.0
4080, 0.0
4081, 0.0
4082, 6.0
4083, 0.0
4084, 7.0
4085, 3.0
4086, 1.0
4087, 8.0
4088, 3.0
4089, 9.0
4090, 7.0
4091, 0.0
4092, 0.0
4093, 8.0
4094, 9.0
4095, 5.0
4096, 9.0
4097, 8.0
4098, 3.0
4099, 2.0
4100, 7.0
4101, 2.0
4102, 9.0
4103, 7.0
4104, 2.0
4105, 1.0
4106, 1.0
4107, 3.0
4108, 7.0
4109, 5.0
4110, 3.0
4111, 1.0
4112, 9.0
4113, 8.0
4114, 2.0
4115, 2.0
4116, 2.0
4117, 8.0
4118, 8.0
4119, 5.0
4120, 7.0
4121, 3.0
4122, 8.0
4123, 9.0
4124, 8.0
4125, 8.0
4126, 6.0
4127, 8.0
4128, 2.0
4129, 3.0
4130, 9.0
4131, 7.0
4132, 5.0
4133, 6.0
4134, 2.0
4135, 9.0
4136, 2.0
4137, 8.0
4138, 8.0
4139, 1.0
4140, 6.0
4141, 2.0
4142, 8.0
4143, 7.0
4144, 9.0
4145, 1.0
4146, 8.0
4147, 0.0
4148, 1.0
4149, 7.0
4150, 2.0
4151, 0.0
4152, 7.0
4153, 5.0
4154, 1.0
4155, 9.0
4156, 0.0
4157, 2.0
4158, 0.0
4159, 9.0
4160, 8.0
4161, 6.0
4162, 2.0
4163, 3.0
4164, 5.0
4165, 3.0
4166, 5.0
4167, 0.0
4168, 2.0
4169, 1.0
4170, 1.0
4171, 1.0
4172, 1.0
4173, 4.0
4174, 2.0
4175, 9.0
4176, 7.0
4177, 2.0
4178, 5.0
4179, 1.0
4180, 1.0
4181, 2.0
4182, 1.0
4183, 9.0
4184, 9.0
4185, 9.0
4186, 1.0
4187, 0.0
4188, 2.0
4189, 0.0
4190, 2.0
4191, 1.0
4192, 1.0
4193, 4.0
4194, 6.0
4195, 4.0
4196, 1.0
4197, 5.0
4198, 4.0
4199, 9.0
4200, 7.0
4201, 7.0
4202, 7.0
4203, 5.0
4204, 6.0
4205, 2.0
4206, 2.0
4207, 2.0
4208, 8.0
4209, 0.0
4210, 6.0
4211, 9.0
4212, 6.0
4213, 1.0
4214, 9.0
4215, 7.0
4216, 7.0
4217, 1.0
4218, 4.0
4219, 8.0
4220, 5.0
4221, 3.0
4222, 4.0
4223, 3.0
4224, 4.0
4225, 7.0
4226, 7.0
4227, 5.0
4228, 0.0
4229, 7.0
4230, 4.0
4231, 8.0
4232, 8.0
4233, 1.0
4234, 5.0
4235, 3.0
4236, 9.0
4237, 5.0
4238, 9.0
4239, 7.0
4240, 6.0
4241, 9.0
4242, 0.0
4243, 3.0
4244, 6.0
4245, 3.0
4246, 9.0
4247, 8.0
4248, 2.0
4249, 2.0
4250, 1.0
4251, 2.0
4252, 8.0
4253, 6.0
4254, 8.0
4255, 5.0
4256, 5.0
4257, 3.0
4258, 9.0
4259, 4.0
4260, 9.0
4261, 2.0
4262, 5.0
4263, 1.0
4264, 5.0
4265, 1.0
4266, 4.0
4267, 4.0
4268, 1.0
4269, 4.0
4270, 4.0
4271, 3.0
4272, 5.0
4273, 9.0
4274, 1.0
4275, 2.0
4276, 2.0
4277, 3.0
4278, 3.0
4279, 0.0
4280, 2.0
4281, 9.0
4282, 0.0
4283, 0.0
4284, 9.0
4285, 9.0
4286, 6.0
4287, 0.0
4288, 9.0
4289, 3.0
4290, 7.0
4291, 8.0
4292, 4.0
4293, 1.0
4294, 9.0
4295, 7.0
4296, 7.0
4297, 2.0
4298, 7.0
4299, 9.0
4300, 9.0
4301, 5.0
4302, 9.0
4303, 5.0
4304, 1.0
4305, 1.0
4306, 8.0
4307, 7.0
4308, 5.0
4309, 1.0
4310, 9.0
4311, 5.0
4312, 3.0
4313, 5.0
4314, 4.0
4315, 7.0
4316, 5.0
4317, 9.0
4318, 3.0
4319, 1.0
4320, 9.0
4321, 0.0
4322, 9.0
4323, 7.0
4324, 5.0
4325, 4.0
4326, 9.0
4327, 2.0
4328, 0.0
4329, 1.0
4330, 0.0
4331, 5.0
4332, 1.0
4333, 4.0
4334, 9.0
4335, 3.0
4336, 3.0
4337, 6.0
4338, 1.0
4339, 5.0
4340, 2.0
4341, 5.0
4342, 2.0
4343, 2.0
4344, 0.0
4345, 9.0
4346, 2.0
4347, 6.0
4348, 6.0
4349, 0.0
4350, 1.0
4351, 2.0
4352, 0.0
4353, 3.0
4354, 0.0
4355, 2.0
4356, 5.0
4357, 5.0
4358, 7.0
4359, 9.0
4360, 5.0
4361, 5.0
4362, 0.0
4363, 8.0
4364, 9.0
4365, 5.0
4366, 0.0
4367, 3.0
4368, 2.0
4369, 5.0
4370, 9.0
4371, 0.0
4372, 8.0
4373, 8.0
4374, 4.0
4375, 5.0
4376, 8.0
4377, 8.0
4378, 4.0
4379, 5.0
4380, 4.0
4381, 5.0
4382, 5.0
4383, 4.0
4384, 9.0
4385, 2.0
4386, 2.0
4387, 1.0
4388, 2.0
4389, 6.0
4390, 8.0
4391, 8.0
4392, 7.0
4393, 0.0
4394, 3.0
4395, 6.0
4396, 6.0
4397, 4.0
4398, 3.0
4399, 8.0
4400, 8.0
4401, 1.0
4402, 2.0
4403, 2.0
4404, 0.0
4405, 0.0
4406, 9.0
4407, 3.0
4408, 9.0
4409, 9.0
4410, 1.0
4411, 9.0
4412, 8.0
4413, 6.0
4414, 6.0
4415, 4.0
4416, 2.0
4417, 6.0
4418, 9.0
4419, 2.0
4420, 8.0
4421, 5.0
4422, 4.0
4423, 5.0
4424, 7.0
4425, 9.0
4426, 4.0
4427, 9.0
4428, 2.0
4429, 1.0
4430, 8.0
4431, 3.0
4432, 4.0
4433, 0.0
4434, 7.0
4435, 8.0
4436, 3.0
4437, 9.0
4438, 3.0
4439, 4.0
4440, 6.0
4441, 5.0
4442, 6.0
4443, 2.0
4444, 3.0
4445, 9.0
4446, 2.0
4447, 6.0
4448, 0.0
4449, 0.0
4450, 6.0
4451, 1.0
4452, 2.0
4453, 8.0
4454, 7.0
4455, 9.0
4456, 8.0
4457, 2.0
4458, 0.0
4459, 4.0
4460, 7.0
4461, 7.0
4462, 5.0
4463, 0.0
4464, 5.0
4465, 6.0
4466, 4.0
4467, 6.0
4468, 7.0
4469, 4.0
4470, 3.0
4471, 0.0
4472, 7.0
4473, 5.0
4474, 0.0
4475, 7.0
4476, 4.0
4477, 2.0
4478, 6.0
4479, 8.0
4480, 9.0
4481, 9.0
4482, 4.0
4483, 2.0
4484, 4.0
4485, 6.0
4486, 7.0
4487, 8.0
4488, 7.0
4489, 6.0
4490, 9.0
4491, 4.0
4492, 1.0
4493, 3.0
4494, 7.0
4495, 3.0
4496, 0.0
4497, 8.0
4498, 7.0
4499, 8.0
4500, 6.0
4501, 1.0
4502, 3.0
4503, 9.0
4504, 2.0
4505, 2.0
4506, 9.0
4507, 2.0
4508, 1.0
4509, 8.0
4510, 3.0
4511, 2.0
4512, 9.0
4513, 6.0
4514, 8.0
4515, 4.0
4516, 2.0
4517, 1.0
4518, 2.0
4519, 8.0
4520, 4.0
4521, 5.0
4522, 2.0
4523, 7.0
4524, 8.0
4525, 1.0
4526, 1.0
4527, 3.0
4528, 0.0
4529, 3.0
4530, 5.0
4531, 7.0
4532, 0.0
4533, 3.0
4534, 1.0
4535, 7.0
4536, 3.0
4537, 6.0
4538, 3.0
4539, 1.0
4540, 7.0
4541, 7.0
4542, 3.0
4543, 0.0
4544, 8.0
4545, 4.0
4546, 8.0
4547, 2.0
4548, 6.0
4549, 5.0
4550, 2.0
4551, 9.0
4552, 7.0
4553, 3.0
4554, 9.0
4555, 0.0
4556, 9.0
4557, 9.0
4558, 6.0
4559, 4.0
4560, 2.0
4561, 9.0
4562, 7.0
4563, 2.0
4564, 1.0
4565, 1.0
4566, 6.0
4567, 7.0
4568, 4.0
4569, 7.0
4570, 5.0
4571, 9.0
4572, 2.0
4573, 8.0
4574, 2.0
4575, 1.0
4576, 2.0
4577, 4.0
4578, 5.0
4579, 7.0
4580, 6.0
4581, 1.0
4582, 3.0
4583, 2.0
4584, 5.0
4585, 9.0
4586, 9.0
4587, 3.0
4588, 6.0
4589, 1.0
4590, 1.0
4591, 4.0
4592, 6.0
4593, 9.0
4594, 7.0
4595, 2.0
4596, 1.0
4597, 5.0
4598, 1.0
4599, 4.0
4600, 6.0
4601, 3.0
4602, 8.0
4603, 1.0
4604, 1.0
4605, 0.0
4606, 3.0
4607, 1.0
4608, 6.0
4609, 8.0
4610, 4.0
4611, 9.0
4612, 0.0
4613, 7.0
4614, 3.0
4615, 0.0
4616, 2.0
4617, 9.0
4618, 0.0
4619, 6.0
4620, 6.0
4621, 6.0
4622, 3.0
4623, 6.0
4624, 7.0
4625, 7.0
4626, 2.0
4627, 8.0
4628, 6.0
4629, 0.0
4630, 8.0
4631, 3.0
4632, 0.0
4633, 2.0
4634, 9.0
4635, 8.0
4636, 5.0
4637, 2.0
4638, 5.0
4639, 3.0
4640, 9.0
4641, 8.0
4642, 0.0
4643, 0.0
4644, 1.0
4645, 9.0
4646, 5.0
4647, 1.0
4648, 3.0
4649, 9.0
4650, 6.0
4651, 0.0
4652, 1.0
4653, 4.0
4654, 1.0
4655, 7.0
4656, 5.0
4657, 2.0
4658, 3.0
4659, 7.0
4660, 9.0
4661, 7.0
4662, 4.0
4663, 9.0
4664, 9.0
4665, 3.0
4666, 9.0
4667, 2.0
4668, 8.0
4669, 2.0
4670, 7.0
4671, 1.0
4672, 3.0
4673, 0.0
4674, 9.0
4675, 1.0
4676, 0.0
4677, 1.0
4678, 7.0
4679, 7.0
4680, 9.0
4681, 6.0
4682, 9.0
4683, 9.0
4684, 9.0
4685, 2.0
4686, 1.0
4687, 6.0
4688, 1.0
4689, 3.0
4690, 5.0
4691, 7.0
4692, 1.0
4693, 9.0
4694, 7.0
4695, 6.0
4696, 4.0
4697, 5.0
4698, 7.0
4699, 6.0
4700, 6.0
4701, 9.0
4702, 9.0
4703, 6.0
4704, 3.0
4705, 6.0
4706, 2.0
4707, 9.0
4708, 8.0
4709, 1.0
4710, 2.0
4711, 2.0
4712, 5.0
4713, 5.0
4714, 2.0
4715, 3.0
4716, 7.0
4717, 2.0
4718, 1.0
4719, 0.0
4720, 1.0
4721, 0.0
4722, 4.0
4723, 5.0
4724, 2.0
4725, 8.0
4726, 2.0
4727, 8.0
4728, 3.0
4729, 5.0
4730, 1.0
4731, 7.0
4732, 8.0
4733, 1.0
4734, 1.0
4735, 2.0
4736, 4.0
4737, 7.0
4738, 8.0
4739, 4.0
4740, 0.0
4741, 5.0
4742, 0.0
4743, 7.0
4744, 8.0
4745, 8.0
4746, 4.0
4747, 7.0
4748, 7.0
4749, 8.0
4750, 5.0
4751, 8.0
4752, 4.0
4753, 9.0
4754, 8.0
4755, 1.0
4756, 3.0
4757, 8.0
4758, 0.0
4759, 3.0
4760, 1.0
4761, 7.0
4762, 8.0
4763, 5.0
4764, 5.0
4765, 1.0
4766, 6.0
4767, 5.0
4768, 7.0
4769, 4.0
4770, 9.0
4771, 3.0
4772, 5.0
4773, 4.0
4774, 7.0
4775, 1.0
4776, 2.0
4777, 0.0
4778, 8.0
4779, 1.0
4780, 6.0
4781, 0.0
4782, 7.0
4783, 3.0
4784, 4.0
4785, 7.0
4786, 3.0
4787, 9.0
4788, 6.0
4789, 0.0
4790, 8.0
4791, 6.0
4792, 4.0
4793, 8.0
4794, 7.0
4795, 7.0
4796, 9.0
4797, 3.0
4798, 8.0
4799, 6.0
4800, 9.0
4801, 7.0
4802, 2.0
4803, 3.0
4804, 4.0
4805, 0.0
4806, 2.0
4807, 1.0
4808, 3.0
4809, 3.0
4810, 5.0
4811, 5.0
4812, 7.0
4813, 2.0
4814, 4.0
4815, 2.0
4816, 7.0
4817, 2.0
4818, 8.0
4819, 3.0
4820, 0.0
4821, 8.0
4822, 7.0
4823, 8.0
4824, 4.0
4825, 0.0
4826, 8.0
4827, 4.0
4828, 4.0
4829, 5.0
4830, 8.0
4831, 5.0
4832, 6.0
4833, 6.0
4834, 3.0
4835, 0.0
4836, 9.0
4837, 3.0
4838, 2.0
4839, 6.0
4840, 8.0
4841, 9.0
4842, 3.0
4843, 4.0
4844, 9.0
4845, 5.0
4846, 8.0
4847, 9.0
4848, 1.0
4849, 2.0
4850, 8.0
4851, 8.0
4852, 6.0
4853, 8.0
4854, 1.0
4855, 3.0
4856, 7.0
4857, 9.0
4858, 0.0
4859, 1.0
4860, 1.0
4861, 4.0
4862, 7.0
4863, 0.0
4864, 8.0
4865, 1.0
4866, 7.0
4867, 4.0
4868, 5.0
4869, 7.0
4870, 1.0
4871, 2.0
4872, 1.0
4873, 1.0
4874, 3.0
4875, 9.0
4876, 6.0
4877, 2.0
4878, 1.0
4879, 2.0
4880, 8.0
4881, 0.0
4882, 7.0
4883, 6.0
4884, 6.0
4885, 9.0
4886, 3.0
4887, 1.0
4888, 0.0
4889, 5.0
4890, 2.0
4891, 8.0
4892, 0.0
4893, 5.0
4894, 4.0
4895, 3.0
4896, 8.0
4897, 4.0
4898, 6.0
4899, 6.0
4900, 2.0
4901, 7.0
4902, 9.0
4903, 5.0
4904, 1.0
4905, 3.0
4906, 2.0
4907, 4.0
4908, 3.0
4909, 6.0
4910, 1.0
4911, 9.0
4912, 4.0
4913, 4.0
4914, 7.0
4915, 6.0
4916, 5.0
4917, 4.0
4918, 1.0
4919, 9.0
4920, 9.0
4921, 2.0
4922, 7.0
4923, 8.0
4924, 0.0
4925, 1.0
4926, 3.0
4927, 6.0
4928, 1.0
4929, 3.0
4930, 4.0
4931, 1.0
4932, 1.0
4933, 1.0
4934, 5.0
4935, 6.0
4936, 0.0
4937, 7.0
4938, 2.0
4939, 7.0
4940, 2.0
4941, 3.0
4942, 2.0
4943, 5.0
4944, 2.0
4945, 2.0
4946, 9.0
4947, 4.0
4948, 9.0
4949, 8.0
4950, 1.0
4951, 2.0
4952, 1.0
4953, 6.0
4954, 1.0
4955, 2.0
4956, 7.0
4957, 8.0
4958, 0.0
4959, 0.0
4960, 0.0
4961, 8.0
4962, 2.0
4963, 2.0
4964, 9.0
4965, 2.0
4966, 2.0
4967, 4.0
4968, 9.0
4969, 9.0
4970, 2.0
4971, 7.0
4972, 5.0
4973, 1.0
4974, 3.0
4975, 4.0
4976, 9.0
4977, 4.0
4978, 1.0
4979, 8.0
4980, 5.0
4981, 6.0
4982, 2.0
4983, 8.0
4984, 3.0
4985, 1.0
4986, 2.0
4987, 8.0
4988, 4.0
4989, 9.0
4990, 9.0
4991, 2.0
4992, 7.0
4993, 0.0
4994, 7.0
4995, 7.0
4996, 2.0
4997, 3.0
4998, 2.0
4999, 4.0
5000, 0.0
5001, 3.0
5002, 9.0
5003, 9.0
5004, 8.0
5005, 4.0
5006, 1.0
5007, 0.0
5008, 6.0
5009, 0.0
5010, 9.0
5011, 6.0
5012, 8.0
5013, 6.0
5014, 1.0
5015, 1.0
5016, 9.0
5017, 8.0
5018, 9.0
5019, 2.0
5020, 3.0
5021, 5.0
5022, 5.0
5023, 9.0
5024, 4.0
5025, 2.0
5026, 1.0
5027, 9.0
5028, 4.0
5029, 3.0
5030, 9.0
5031, 6.0
5032, 0.0
5033, 4.0
5034, 0.0
5035, 6.0
5036, 0.0
5037, 1.0
5038, 2.0
5039, 3.0
5040, 4.0
5041, 7.0
5042, 8.0
5043, 9.0
5044, 0.0
5045, 1.0
5046, 2.0
5047, 3.0
5048, 4.0
5049, 7.0
5050, 8.0
5051, 9.0
5052, 0.0
5053, 1.0
5054, 2.0
5055, 3.0
5056, 4.0
5057, 5.0
5058, 6.0
5059, 7.0
5060, 8.0
5061, 9.0
5062, 8.0
5063, 3.0
5064, 4.0
5065, 7.0
5066, 8.0
5067, 6.0
5068, 3.0
5069, 4.0
5070, 0.0
5071, 9.0
5072, 7.0
5073, 1.0
5074, 9.0
5075, 3.0
5076, 8.0
5077, 4.0
5078, 7.0
5079, 3.0
5080, 0.0
5081, 9.0
5082, 1.0
5083, 4.0
5084, 5.0
5085, 4.0
5086, 6.0
5087, 2.0
5088, 0.0
5089, 6.0
5090, 2.0
5091, 1.0
5092, 1.0
5093, 1.0
5094, 1.0
5095, 7.0
5096, 2.0
5097, 4.0
5098, 7.0
5099, 5.0
5100, 2.0
5101, 9.0
5102, 4.0
5103, 5.0
5104, 8.0
5105, 4.0
5106, 2.0
5107, 9.0
5108, 7.0
5109, 0.0
5110, 0.0
5111, 7.0
5112, 5.0
5113, 1.0
5114, 1.0
5115, 7.0
5116, 6.0
5117, 6.0
5118, 6.0
5119, 8.0
5120, 2.0
5121, 2.0
5122, 7.0
5123, 7.0
5124, 4.0
5125, 0.0
5126, 2.0
5127, 4.0
5128, 2.0
5129, 1.0
5130, 8.0
5131, 9.0
5132, 6.0
5133, 1.0
5134, 0.0
5135, 5.0
5136, 9.0
5137, 6.0
5138, 9.0
5139, 8.0
5140, 0.0
5141, 5.0
5142, 0.0
5143, 8.0
5144, 3.0
5145, 9.0
5146, 6.0
5147, 3.0
5148, 0.0
5149, 1.0
5150, 2.0
5151, 3.0
5152, 4.0
5153, 5.0
5154, 6.0
5155, 7.0
5156, 0.0
5157, 1.0
5158, 2.0
5159, 3.0
5160, 9.0
5161, 5.0
5162, 6.0
5163, 7.0
5164, 8.0
5165, 9.0
5166, 0.0
5167, 1.0
5168, 2.0
5169, 3.0
5170, 4.0
5171, 5.0
5172, 6.0
5173, 7.0
5174, 8.0
5175, 5.0
5176, 4.0
5177, 8.0
5178, 7.0
5179, 4.0
5180, 7.0
5181, 7.0
5182, 3.0
5183, 9.0
5184, 8.0
5185, 8.0
5186, 3.0
5187, 1.0
5188, 5.0
5189, 8.0
5190, 2.0
5191, 7.0
5192, 4.0
5193, 2.0
5194, 1.0
5195, 5.0
5196, 4.0
5197, 5.0
5198, 5.0
5199, 8.0
5200, 6.0
5201, 4.0
5202, 4.0
5203, 4.0
5204, 1.0
5205, 8.0
5206, 7.0
5207, 5.0
5208, 5.0
5209, 1.0
5210, 8.0
5211, 7.0
5212, 1.0
5213, 3.0
5214, 6.0
5215, 3.0
5216, 3.0
5217, 2.0
5218, 2.0
5219, 6.0
5220, 9.0
5221, 9.0
5222, 6.0
5223, 5.0
5224, 5.0
5225, 3.0
5226, 3.0
5227, 8.0
5228, 1.0
5229, 6.0
5230, 5.0
5231, 6.0
5232, 8.0
5233, 1.0
5234, 9.0
5235, 7.0
5236, 6.0
5237, 8.0
5238, 3.0
5239, 7.0
5240, 4.0
5241, 7.0
5242, 0.0
5243, 9.0
5244, 0.0
5245, 0.0
5246, 3.0
5247, 7.0
5248, 9.0
5249, 3.0
5250, 0.0
5251, 2.0
5252, 0.0
5253, 1.0
5254, 0.0
5255, 1.0
5256, 0.0
5257, 4.0
5258, 0.0
5259, 1.0
5260, 0.0
5261, 4.0
5262, 7.0
5263, 9.0
5264, 6.0
5265, 2.0
5266, 6.0
5267, 2.0
5268, 2.0
5269, 9.0
5270, 9.0
5271, 0.0
5272, 1.0
5273, 2.0
5274, 3.0
5275, 4.0
5276, 5.0
5277, 6.0
5278, 7.0
5279, 8.0
5280, 9.0
5281, 0.0
5282, 1.0
5283, 2.0
5284, 3.0
5285, 4.0
5286, 5.0
5287, 6.0
5288, 7.0
5289, 8.0
5290, 9.0
5291, 0.0
5292, 1.0
5293, 2.0
5294, 3.0
5295, 4.0
5296, 5.0
5297, 6.0
5298, 7.0
5299, 8.0
5300, 9.0
5301, 8.0
5302, 0.0
5303, 5.0
5304, 6.0
5305, 6.0
5306, 0.0
5307, 8.0
5308, 0.0
5309, 2.0
5310, 3.0
5311, 7.0
5312, 9.0
5313, 4.0
5314, 7.0
5315, 1.0
5316, 9.0
5317, 1.0
5318, 7.0
5319, 1.0
5320, 4.0
5321, 0.0
5322, 0.0
5323, 4.0
5324, 1.0
5325, 7.0
5326, 5.0
5327, 7.0
5328, 1.0
5329, 3.0
5330, 3.0
5331, 3.0
5332, 6.0
5333, 6.0
5334, 9.0
5335, 7.0
5336, 4.0
5337, 3.0
5338, 0.0
5339, 2.0
5340, 5.0
5341, 2.0
5342, 6.0
5343, 0.0
5344, 8.0
5345, 9.0
5346, 4.0
5347, 3.0
5348, 5.0
5349, 4.0
5350, 8.0
5351, 1.0
5352, 5.0
5353, 9.0
5354, 0.0
5355, 6.0
5356, 4.0
5357, 3.0
5358, 6.0
5359, 3.0
5360, 3.0
5361, 8.0
5362, 1.0
5363, 4.0
5364, 7.0
5365, 5.0
5366, 7.0
5367, 2.0
5368, 2.0
5369, 0.0
5370, 0.0
5371, 1.0
5372, 7.0
5373, 7.0
5374, 9.0
5375, 5.0
5376, 9.0
5377, 8.0
5378, 9.0
5379, 6.0
5380, 8.0
5381, 8.0
5382, 2.0
5383, 3.0
5384, 6.0
5385, 1.0
5386, 2.0
5387, 9.0
5388, 8.0
5389, 9.0
5390, 5.0
5391, 2.0
5392, 6.0
5393, 2.0
5394, 4.0
5395, 8.0
5396, 4.0
5397, 6.0
5398, 5.0
5399, 0.0
5400, 1.0
5401, 5.0
5402, 6.0
5403, 7.0
5404, 8.0
5405, 9.0
5406, 0.0
5407, 1.0
5408, 2.0
5409, 3.0
5410, 2.0
5411, 5.0
5412, 6.0
5413, 7.0
5414, 8.0
5415, 9.0
5416, 0.0
5417, 1.0
5418, 2.0
5419, 3.0
5420, 4.0
5421, 5.0
5422, 6.0
5423, 7.0
5424, 8.0
5425, 9.0
5426, 7.0
5427, 4.0
5428, 2.0
5429, 0.0
5430, 9.0
5431, 0.0
5432, 1.0
5433, 5.0
5434, 8.0
5435, 8.0
5436, 0.0
5437, 2.0
5438, 7.0
5439, 8.0
5440, 4.0
5441, 4.0
5442, 6.0
5443, 1.0
5444, 0.0
5445, 4.0
5446, 5.0
5447, 3.0
5448, 9.0
5449, 4.0
5450, 2.0
5451, 0.0
5452, 5.0
5453, 0.0
5454, 1.0
5455, 3.0
5456, 2.0
5457, 9.0
5458, 8.0
5459, 6.0
5460, 0.0
5461, 1.0
5462, 1.0
5463, 8.0
5464, 0.0
5465, 4.0
5466, 7.0
5467, 7.0
5468, 6.0
5469, 3.0
5470, 6.0
5471, 0.0
5472, 7.0
5473, 3.0
5474, 5.0
5475, 4.0
5476, 2.0
5477, 4.0
5478, 1.0
5479, 8.0
5480, 3.0
5481, 5.0
5482, 6.0
5483, 7.0
5484, 0.0
5485, 6.0
5486, 7.0
5487, 1.0
5488, 2.0
5489, 5.0
5490, 8.0
5491, 1.0
5492, 9.0
5493, 3.0
5494, 8.0
5495, 2.0
5496, 8.0
5497, 7.0
5498, 6.0
5499, 7.0
5500, 1.0
5501, 4.0
5502, 6.0
5503, 2.0
5504, 9.0
5505, 3.0
5506, 0.0
5507, 1.0
5508, 2.0
5509, 3.0
5510, 4.0
5511, 5.0
5512, 6.0
5513, 7.0
5514, 0.0
5515, 1.0
5516, 2.0
5517, 3.0
5518, 4.0
5519, 5.0
5520, 0.0
5521, 1.0
5522, 2.0
5523, 3.0
5524, 7.0
5525, 1.0
5526, 4.0
5527, 0.0
5528, 9.0
5529, 5.0
5530, 0.0
5531, 8.0
5532, 0.0
5533, 7.0
5534, 7.0
5535, 1.0
5536, 1.0
5537, 2.0
5538, 9.0
5539, 3.0
5540, 6.0
5541, 7.0
5542, 2.0
5543, 3.0
5544, 8.0
5545, 1.0
5546, 2.0
5547, 9.0
5548, 8.0
5549, 8.0
5550, 7.0
5551, 1.0
5552, 7.0
5553, 1.0
5554, 1.0
5555, 0.0
5556, 3.0
5557, 4.0
5558, 2.0
5559, 6.0
5560, 4.0
5561, 7.0
5562, 4.0
5563, 2.0
5564, 7.0
5565, 4.0
5566, 9.0
5567, 1.0
5568, 0.0
5569, 6.0
5570, 3.0
5571, 5.0
5572, 5.0
5573, 5.0
5574, 3.0
5575, 5.0
5576, 9.0
5577, 7.0
5578, 4.0
5579, 8.0
5580, 5.0
5581, 9.0
5582, 6.0
5583, 9.0
5584, 3.0
5585, 0.0
5586, 3.0
5587, 8.0
5588, 9.0
5589, 1.0
5590, 8.0
5591, 1.0
5592, 6.0
5593, 0.0
5594, 0.0
5595, 8.0
5596, 2.0
5597, 3.0
5598, 4.0
5599, 5.0
5600, 6.0
5601, 7.0
5602, 8.0
5603, 9.0
5604, 0.0
5605, 1.0
5606, 2.0
5607, 3.0
5608, 4.0
5609, 5.0
5610, 6.0
5611, 7.0
5612, 8.0
5613, 9.0
5614, 0.0
5615, 1.0
5616, 2.0
5617, 3.0
5618, 4.0
5619, 5.0
5620, 6.0
5621, 7.0
5622, 8.0
5623, 9.0
5624, 3.0
5625, 5.0
5626, 3.0
5627, 2.0
5628, 9.0
5629, 3.0
5630, 2.0
5631, 1.0
5632, 4.0
5633, 5.0
5634, 5.0
5635, 2.0
5636, 3.0
5637, 2.0
5638, 1.0
5639, 3.0
5640, 9.0
5641, 7.0
5642, 2.0
5643, 5.0
5644, 2.0
5645, 8.0
5646, 9.0
5647, 1.0
5648, 8.0
5649, 8.0
5650, 7.0
5651, 8.0
5652, 1.0
5653, 0.0
5654, 0.0
5655, 7.0
5656, 2.0
5657, 8.0
5658, 7.0
5659, 5.0
5660, 0.0
5661, 6.0
5662, 1.0
5663, 5.0
5664, 7.0
5665, 4.0
5666, 6.0
5667, 1.0
5668, 2.0
5669, 5.0
5670, 0.0
5671, 7.0
5672, 9.0
5673, 9.0
5674, 0.0
5675, 3.0
5676, 8.0
5677, 4.0
5678, 4.0
5679, 5.0
5680, 1.0
5681, 8.0
5682, 6.0
5683, 5.0
5684, 9.0
5685, 0.0
5686, 0.0
5687, 0.0
5688, 3.0
5689, 7.0
5690, 1.0
5691, 6.0
5692, 4.0
5693, 2.0
5694, 6.0
5695, 6.0
5696, 0.0
5697, 4.0
5698, 5.0
5699, 4.0
5700, 1.0
5701, 3.0
5702, 8.0
5703, 6.0
5704, 3.0
5705, 9.0
5706, 9.0
5707, 5.0
5708, 9.0
5709, 3.0
5710, 7.0
5711, 8.0
5712, 5.0
5713, 6.0
5714, 4.0
5715, 7.0
5716, 6.0
5717, 2.0
5718, 2.0
5719, 0.0
5720, 9.0
5721, 4.0
5722, 0.0
5723, 1.0
5724, 2.0
5725, 3.0
5726, 4.0
5727, 5.0
5728, 6.0
5729, 7.0
5730, 8.0
5731, 9.0
5732, 0.0
5733, 1.0
5734, 2.0
5735, 2.0
5736, 1.0
5737, 2.0
5738, 0.0
5739, 1.0
5740, 2.0
5741, 3.0
5742, 4.0
5743, 5.0
5744, 6.0
5745, 8.0
5746, 7.0
5747, 1.0
5748, 3.0
5749, 2.0
5750, 8.0
5751, 0.0
5752, 7.0
5753, 5.0
5754, 9.0
5755, 9.0
5756, 6.0
5757, 0.0
5758, 9.0
5759, 4.0
5760, 1.0
5761, 3.0
5762, 2.0
5763, 1.0
5764, 2.0
5765, 3.0
5766, 8.0
5767, 3.0
5768, 2.0
5769, 6.0
5770, 5.0
5771, 6.0
5772, 8.0
5773, 2.0
5774, 7.0
5775, 4.0
5776, 8.0
5777, 1.0
5778, 8.0
5779, 0.0
5780, 5.0
5781, 3.0
5782, 9.0
5783, 4.0
5784, 1.0
5785, 9.0
5786, 2.0
5787, 1.0
5788, 9.0
5789, 6.0
5790, 7.0
5791, 9.0
5792, 0.0
5793, 4.0
5794, 6.0
5795, 1.0
5796, 7.0
5797, 3.0
5798, 8.0
5799, 7.0
5800, 2.0
5801, 9.0
5802, 6.0
5803, 5.0
5804, 8.0
5805, 3.0
5806, 9.0
5807, 0.0
5808, 5.0
5809, 7.0
5810, 1.0
5811, 6.0
5812, 1.0
5813, 0.0
5814, 9.0
5815, 3.0
5816, 3.0
5817, 4.0
5818, 4.0
5819, 0.0
5820, 6.0
5821, 2.0
5822, 5.0
5823, 4.0
5824, 2.0
5825, 3.0
5826, 4.0
5827, 6.0
5828, 0.0
5829, 0.0
5830, 2.0
5831, 0.0
5832, 1.0
5833, 4.0
5834, 5.0
5835, 6.0
5836, 7.0
5837, 8.0
5838, 9.0
5839, 0.0
5840, 1.0
5841, 2.0
5842, 3.0
5843, 7.0
5844, 5.0
5845, 6.0
5846, 7.0
5847, 8.0
5848, 0.0
5849, 1.0
5850, 2.0
5851, 3.0
5852, 4.0
5853, 5.0
5854, 6.0
5855, 7.0
5856, 8.0
5857, 9.0
5858, 8.0
5859, 7.0
5860, 1.0
5861, 3.0
5862, 7.0
5863, 5.0
5864, 2.0
5865, 8.0
5866, 0.0
5867, 7.0
5868, 5.0
5869, 9.0
5870, 9.0
5871, 0.0
5872, 9.0
5873, 1.0
5874, 1.0
5875, 5.0
5876, 8.0
5877, 8.0
5878, 6.0
5879, 3.0
5880, 2.0
5881, 1.0
5882, 8.0
5883, 3.0
5884, 2.0
5885, 6.0
5886, 5.0
5887, 6.0
5888, 2.0
5889, 4.0
5890, 1.0
5891, 0.0
5892, 5.0
5893, 3.0
5894, 1.0
5895, 9.0
5896, 2.0
5897, 1.0
5898, 9.0
5899, 6.0
5900, 0.0
5901, 4.0
5902, 6.0
5903, 1.0
5904, 7.0
5905, 3.0
5906, 8.0
5907, 7.0
5908, 2.0
5909, 9.0
5910, 6.0
5911, 5.0
5912, 8.0
5913, 3.0
5914, 5.0
5915, 7.0
5916, 1.0
5917, 6.0
5918, 1.0
5919, 0.0
5920, 9.0
5921, 6.0
5922, 2.0
5923, 5.0
5924, 4.0
5925, 2.0
5926, 3.0
5927, 9.0
5928, 4.0
5929, 6.0
5930, 0.0
5931, 0.0
5932, 2.0
5933, 0.0
5934, 1.0
5935, 2.0
5936, 3.0
5937, 4.0
5938, 5.0
5939, 6.0
5940, 7.0
5941, 8.0
5942, 9.0
5943, 0.0
5944, 1.0
5945, 2.0
5946, 3.0
5947, 4.0
5948, 5.0
5949, 6.0
5950, 7.0
5951, 8.0
5952, 9.0
5953, 0.0
5954, 1.0
5955, 2.0
5956, 3.0
5957, 4.0
5958, 5.0
5959, 6.0
5960, 7.0
5961, 8.0
5962, 9.0
5963, 8.0
5964, 6.0
5965, 5.0
5966, 0.0
5967, 6.0
5968, 8.0
5969, 9.0
5970, 4.0
5971, 1.0
5972, 9.0
5973, 5.0
5974, 8.0
5975, 0.0
5976, 4.0
5977, 8.0
5978, 9.0
5979, 1.0
5980, 4.0
5981, 0.0
5982, 5.0
5983, 5.0
5984, 2.0
5985, 1.0
5986, 5.0
5987, 4.0
5988, 0.0
5989, 7.0
5990, 6.0
5991, 0.0
5992, 1.0
5993, 7.0
5994, 0.0
5995, 6.0
5996, 8.0
5997, 9.0
5998, 5.0
5999, 1.0
6000, 7.0
6001, 9.0
6002, 8.0
6003, 6.0
6004, 0.0
6005, 8.0
6006, 1.0
6007, 7.0
6008, 7.0
6009, 1.0
6010, 3.0
6011, 2.0
6012, 3.0
6013, 1.0
6014, 4.0
6015, 2.0
6016, 0.0
6017, 0.0
6018, 7.0
6019, 8.0
6020, 4.0
6021, 6.0
6022, 4.0
6023, 9.0
6024, 3.0
6025, 8.0
6026, 4.0
6027, 7.0
6028, 2.0
6029, 5.0
6030, 6.0
6031, 3.0
6032, 6.0
6033, 9.0
6034, 6.0
6035, 3.0
6036, 2.0
6037, 2.0
6038, 4.0
6039, 6.0
6040, 9.0
6041, 0.0
6042, 2.0
6043, 5.0
6044, 5.0
6045, 1.0
6046, 3.0
6047, 3.0
6048, 9.0
6049, 7.0
6050, 8.0
6051, 7.0
6052, 2.0
6053, 2.0
6054, 5.0
6055, 7.0
6056, 9.0
6057, 8.0
6058, 2.0
6059, 1.0
6060, 3.0
6061, 1.0
6062, 3.0
6063, 0.0
6064, 1.0
6065, 2.0
6066, 8.0
6067, 4.0
6068, 5.0
6069, 6.0
6070, 7.0
6071, 8.0
6072, 9.0
6073, 0.0
6074, 1.0
6075, 2.0
6076, 3.0
6077, 4.0
6078, 5.0
6079, 6.0
6080, 7.0
6081, 8.0
6082, 9.0
6083, 0.0
6084, 1.0
6085, 2.0
6086, 3.0
6087, 4.0
6088, 5.0
6089, 6.0
6090, 7.0
6091, 8.0
6092, 9.0
6093, 1.0
6094, 2.0
6095, 6.0
6096, 5.0
6097, 3.0
6098, 0.0
6099, 7.0
6100, 0.0
6101, 4.0
6102, 8.0
6103, 4.0
6104, 3.0
6105, 6.0
6106, 7.0
6107, 2.0
6108, 3.0
6109, 1.0
6110, 2.0
6111, 1.0
6112, 2.0
6113, 9.0
6114, 6.0
6115, 0.0
6116, 1.0
6117, 3.0
6118, 0.0
6119, 2.0
6120, 7.0
6121, 5.0
6122, 7.0
6123, 6.0
6124, 2.0
6125, 9.0
6126, 1.0
6127, 9.0
6128, 0.0
6129, 6.0
6130, 0.0
6131, 6.0
6132, 0.0
6133, 2.0
6134, 0.0
6135, 6.0
6136, 1.0
6137, 5.0
6138, 8.0
6139, 4.0
6140, 3.0
6141, 0.0
6142, 1.0
6143, 5.0
6144, 4.0
6145, 4.0
6146, 8.0
6147, 5.0
6148, 7.0
6149, 5.0
6150, 7.0
6151, 8.0
6152, 3.0
6153, 4.0
6154, 8.0
6155, 8.0
6156, 5.0
6157, 2.0
6158, 9.0
6159, 7.0
6160, 1.0
6161, 3.0
6162, 8.0
6163, 1.0
6164, 0.0
6165, 7.0
6166, 5.0
6167, 3.0
6168, 6.0
6169, 9.0
6170, 4.0
6171, 7.0
6172, 7.0
6173, 9.0
6174, 2.0
6175, 3.0
6176, 4.0
6177, 4.0
6178, 3.0
6179, 8.0
6180, 6.0
6181, 2.0
6182, 0.0
6183, 1.0
6184, 2.0
6185, 3.0
6186, 4.0
6187, 5.0
6188, 6.0
6189, 7.0
6190, 8.0
6191, 9.0
6192, 0.0
6193, 1.0
6194, 2.0
6195, 3.0
6196, 4.0
6197, 5.0
6198, 6.0
6199, 7.0
6200, 8.0
6201, 9.0
6202, 0.0
6203, 1.0
6204, 2.0
6205, 3.0
6206, 4.0
6207, 5.0
6208, 6.0
6209, 7.0
6210, 8.0
6211, 9.0
6212, 0.0
6213, 8.0
6214, 3.0
6215, 9.0
6216, 5.0
6217, 5.0
6218, 2.0
6219, 6.0
6220, 8.0
6221, 4.0
6222, 9.0
6223, 1.0
6224, 7.0
6225, 1.0
6226, 2.0
6227, 3.0
6228, 5.0
6229, 9.0
6230, 6.0
6231, 9.0
6232, 1.0
6233, 1.0
6234, 1.0
6235, 2.0
6236, 9.0
6237, 5.0
6238, 6.0
6239, 8.0
6240, 1.0
6241, 2.0
6242, 0.0
6243, 7.0
6244, 7.0
6245, 5.0
6246, 8.0
6247, 2.0
6248, 9.0
6249, 8.0
6250, 9.0
6251, 0.0
6252, 4.0
6253, 6.0
6254, 7.0
6255, 1.0
6256, 3.0
6257, 4.0
6258, 5.0
6259, 6.0
6260, 0.0
6261, 3.0
6262, 6.0
6263, 8.0
6264, 7.0
6265, 0.0
6266, 4.0
6267, 2.0
6268, 7.0
6269, 4.0
6270, 7.0
6271, 5.0
6272, 4.0
6273, 3.0
6274, 4.0
6275, 2.0
6276, 8.0
6277, 1.0
6278, 5.0
6279, 1.0
6280, 2.0
6281, 0.0
6282, 2.0
6283, 5.0
6284, 6.0
6285, 4.0
6286, 3.0
6287, 0.0
6288, 0.0
6289, 0.0
6290, 3.0
6291, 3.0
6292, 5.0
6293, 7.0
6294, 0.0
6295, 6.0
6296, 4.0
6297, 8.0
6298, 8.0
6299, 6.0
6300, 3.0
6301, 4.0
6302, 6.0
6303, 9.0
6304, 9.0
6305, 8.0
6306, 2.0
6307, 7.0
6308, 7.0
6309, 1.0
6310, 0.0
6311, 1.0
6312, 2.0
6313, 3.0
6314, 4.0
6315, 5.0
6316, 6.0
6317, 7.0
6318, 8.0
6319, 9.0
6320, 0.0
6321, 1.0
6322, 2.0
6323, 3.0
6324, 4.0
6325, 5.0
6326, 6.0
6327, 7.0
6328, 8.0
6329, 0.0
6330, 1.0
6331, 2.0
6332, 3.0
6333, 4.0
6334, 5.0
6335, 6.0
6336, 7.0
6337, 8.0
6338, 2.0
6339, 1.0
6340, 7.0
6341, 2.0
6342, 5.0
6343, 0.0
6344, 8.0
6345, 0.0
6346, 2.0
6347, 7.0
6348, 8.0
6349, 8.0
6350, 3.0
6351, 6.0
6352, 0.0
6353, 2.0
6354, 7.0
6355, 6.0
6356, 6.0
6357, 1.0
6358, 2.0
6359, 8.0
6360, 8.0
6361, 7.0
6362, 7.0
6363, 4.0
6364, 7.0
6365, 7.0
6366, 3.0
6367, 7.0
6368, 4.0
6369, 5.0
6370, 4.0
6371, 3.0
6372, 3.0
6373, 8.0
6374, 4.0
6375, 1.0
6376, 1.0
6377, 9.0
6378, 7.0
6379, 4.0
6380, 3.0
6381, 7.0
6382, 3.0
6383, 3.0
6384, 0.0
6385, 2.0
6386, 5.0
6387, 5.0
6388, 6.0
6389, 6.0
6390, 3.0
6391, 5.0
6392, 2.0
6393, 5.0
6394, 9.0
6395, 9.0
6396, 8.0
6397, 4.0
6398, 1.0
6399, 0.0
6400, 6.0
6401, 0.0
6402, 9.0
6403, 6.0
6404, 8.0
6405, 8.0
6406, 5.0
6407, 6.0
6408, 1.0
6409, 1.0
6410, 9.0
6411, 8.0
6412, 9.0
6413, 2.0
6414, 3.0
6415, 5.0
6416, 5.0
6417, 9.0
6418, 4.0
6419, 2.0
6420, 1.0
6421, 9.0
6422, 3.0
6423, 9.0
6424, 2.0
6425, 0.0
6426, 6.0
6427, 0.0
6428, 4.0
6429, 0.0
6430, 0.0
6431, 1.0
6432, 2.0
6433, 3.0
6434, 4.0
6435, 7.0
6436, 8.0
6437, 9.0
6438, 0.0
6439, 1.0
6440, 2.0
6441, 3.0
6442, 7.0
6443, 8.0
6444, 9.0
6445, 0.0
6446, 1.0
6447, 2.0
6448, 3.0
6449, 4.0
6450, 7.0
6451, 8.0
6452, 9.0
6453, 7.0
6454, 3.0
6455, 0.0
6456, 3.0
6457, 1.0
6458, 8.0
6459, 7.0
6460, 6.0
6461, 4.0
6462, 0.0
6463, 2.0
6464, 6.0
6465, 8.0
6466, 3.0
6467, 2.0
6468, 8.0
6469, 1.0
6470, 2.0
6471, 0.0
6472, 7.0
6473, 1.0
6474, 0.0
6475, 4.0
6476, 4.0
6477, 5.0
6478, 8.0
6479, 0.0
6480, 6.0
6481, 2.0
6482, 3.0
6483, 1.0
6484, 5.0
6485, 1.0
6486, 8.0
6487, 5.0
6488, 9.0
6489, 4.0
6490, 0.0
6491, 7.0
6492, 5.0
6493, 8.0
6494, 8.0
6495, 3.0
6496, 8.0
6497, 9.0
6498, 2.0
6499, 6.0
6500, 2.0
6501, 5.0
6502, 3.0
6503, 1.0
6504, 7.0
6505, 3.0
6506, 9.0
6507, 1.0
6508, 9.0
6509, 9.0
6510, 6.0
6511, 0.0
6512, 3.0
6513, 9.0
6514, 2.0
6515, 8.0
6516, 1.0
6517, 4.0
6518, 3.0
6519, 5.0
6520, 2.0
6521, 9.0
6522, 2.0
6523, 5.0
6524, 8.0
6525, 9.0
6526, 5.0
6527, 0.0
6528, 1.0
6529, 2.0
6530, 4.0
6531, 5.0
6532, 6.0
6533, 0.0
6534, 1.0
6535, 2.0
6536, 3.0
6537, 4.0
6538, 5.0
6539, 6.0
6540, 7.0
6541, 1.0
6542, 2.0
6543, 3.0
6544, 4.0
6545, 5.0
6546, 1.0
6547, 0.0
6548, 4.0
6549, 5.0
6550, 6.0
6551, 6.0
6552, 3.0
6553, 4.0
6554, 4.0
6555, 2.0
6556, 8.0
6557, 1.0
6558, 0.0
6559, 6.0
6560, 4.0
6561, 9.0
6562, 7.0
6563, 2.0
6564, 3.0
6565, 3.0
6566, 9.0
6567, 2.0
6568, 0.0
6569, 9.0
6570, 3.0
6571, 3.0
6572, 7.0
6573, 1.0
6574, 5.0
6575, 2.0
6576, 4.0
6577, 1.0
6578, 1.0
6579, 8.0
6580, 4.0
6581, 0.0
6582, 2.0
6583, 4.0
6584, 0.0
6585, 2.0
6586, 4.0
6587, 7.0
6588, 8.0
6589, 0.0
6590, 7.0
6591, 0.0
6592, 6.0
6593, 9.0
6594, 3.0
6595, 2.0
6596, 8.0
6597, 6.0
6598, 7.0
6599, 5.0
6600, 7.0
6601, 5.0
6602, 1.0
6603, 0.0
6604, 8.0
6605, 1.0
6606, 6.0
6607, 7.0
6608, 2.0
6609, 9.0
6610, 7.0
6611, 9.0
6612, 5.0
6613, 8.0
6614, 6.0
6615, 2.0
6616, 6.0
6617, 2.0
6618, 8.0
6619, 1.0
6620, 7.0
6621, 5.0
6622, 7.0
6623, 1.0
6624, 1.0
6625, 3.0
6626, 8.0
6627, 4.0
6628, 9.0
6629, 1.0
6630, 8.0
6631, 6.0
6632, 8.0
6633, 7.0
6634, 0.0
6635, 1.0
6636, 2.0
6637, 3.0
6638, 4.0
6639, 5.0
6640, 6.0
6641, 7.0
6642, 5.0
6643, 9.0
6644, 0.0
6645, 1.0
6646, 2.0
6647, 3.0
6648, 4.0
6649, 7.0
6650, 8.0
6651, 9.0
6652, 5.0
6653, 1.0
6654, 7.0
6655, 8.0
6656, 9.0
6657, 9.0
6658, 8.0
6659, 9.0
6660, 8.0
6661, 4.0
6662, 1.0
6663, 7.0
6664, 7.0
6665, 3.0
6666, 3.0
6667, 7.0
6668, 6.0
6669, 6.0
6670, 6.0
6671, 1.0
6672, 9.0
6673, 0.0
6674, 1.0
6675, 7.0
6676, 6.0
6677, 3.0
6678, 2.0
6679, 1.0
6680, 7.0
6681, 1.0
6682, 3.0
6683, 9.0
6684, 1.0
6685, 7.0
6686, 6.0
6687, 8.0
6688, 4.0
6689, 1.0
6690, 4.0
6691, 3.0
6692, 6.0
6693, 9.0
6694, 6.0
6695, 1.0
6696, 4.0
6697, 4.0
6698, 7.0
6699, 2.0
6700, 4.0
6701, 2.0
6702, 0.0
6703, 1.0
6704, 2.0
6705, 3.0
6706, 4.0
6707, 5.0
6708, 6.0
6709, 7.0
6710, 8.0
6711, 9.0
6712, 0.0
6713, 1.0
6714, 2.0
6715, 3.0
6716, 4.0
6717, 5.0
6718, 6.0
6719, 9.0
6720, 0.0
6721, 1.0
6722, 2.0
6723, 3.0
6724, 4.0
6725, 7.0
6726, 8.0
6727, 1.0
6728, 3.0
6729, 5.0
6730, 1.0
6731, 7.0
6732, 7.0
6733, 2.0
6734, 1.0
6735, 4.0
6736, 8.0
6737, 3.0
6738, 4.0
6739, 4.0
6740, 3.0
6741, 9.0
6742, 7.0
6743, 4.0
6744, 1.0
6745, 2.0
6746, 3.0
6747, 5.0
6748, 9.0
6749, 1.0
6750, 6.0
6751, 0.0
6752, 1.0
6753, 0.0
6754, 0.0
6755, 2.0
6756, 8.0
6757, 7.0
6758, 1.0
6759, 1.0
6760, 4.0
6761, 0.0
6762, 4.0
6763, 7.0
6764, 3.0
6765, 6.0
6766, 8.0
6767, 0.0
6768, 3.0
6769, 7.0
6770, 4.0
6771, 0.0
6772, 6.0
6773, 9.0
6774, 2.0
6775, 6.0
6776, 5.0
6777, 8.0
6778, 6.0
6779, 9.0
6780, 0.0
6781, 4.0
6782, 0.0
6783, 6.0
6784, 6.0
6785, 9.0
6786, 2.0
6787, 0.0
6788, 9.0
6789, 5.0
6790, 1.0
6791, 3.0
6792, 7.0
6793, 6.0
6794, 9.0
6795, 3.0
6796, 0.0
6797, 2.0
6798, 2.0
6799, 0.0
6800, 1.0
6801, 2.0
6802, 3.0
6803, 4.0
6804, 5.0
6805, 6.0
6806, 7.0
6807, 8.0
6808, 9.0
6809, 0.0
6810, 1.0
6811, 2.0
6812, 3.0
6813, 4.0
6814, 5.0
6815, 6.0
6816, 7.0
6817, 8.0
6818, 4.0
6819, 0.0
6820, 1.0
6821, 2.0
6822, 3.0
6823, 4.0
6824, 5.0
6825, 6.0
6826, 7.0
6827, 8.0
6828, 9.0
6829, 2.0
6830, 1.0
6831, 7.0
6832, 2.0
6833, 5.0
6834, 0.0
6835, 8.0
6836, 0.0
6837, 2.0
6838, 7.0
6839, 8.0
6840, 8.0
6841, 3.0
6842, 0.0
6843, 6.0
6844, 0.0
6845, 2.0
6846, 7.0
6847, 6.0
6848, 6.0
6849, 1.0
6850, 2.0
6851, 8.0
6852, 8.0
6853, 7.0
6854, 7.0
6855, 4.0
6856, 7.0
6857, 7.0
6858, 3.0
6859, 7.0
6860, 4.0
6861, 5.0
6862, 4.0
6863, 3.0
6864, 3.0
6865, 8.0
6866, 4.0
6867, 5.0
6868, 4.0
6869, 1.0
6870, 1.0
6871, 9.0
6872, 7.0
6873, 4.0
6874, 3.0
6875, 7.0
6876, 3.0
6877, 3.0
6878, 0.0
6879, 2.0
6880, 5.0
6881, 5.0
6882, 6.0
6883, 3.0
6884, 6.0
6885, 5.0
6886, 2.0
6887, 5.0
6888, 9.0
6889, 9.0
6890, 8.0
6891, 4.0
6892, 1.0
6893, 0.0
6894, 6.0
6895, 0.0
6896, 9.0
6897, 6.0
6898, 8.0
6899, 8.0
6900, 5.0
6901, 6.0
6902, 1.0
6903, 1.0
6904, 9.0
6905, 8.0
6906, 9.0
6907, 2.0
6908, 3.0
6909, 5.0
6910, 5.0
6911, 9.0
6912, 4.0
6913, 2.0
6914, 1.0
6915, 8.0
6916, 4.0
6917, 9.0
6918, 1.0
6919, 3.0
6920, 9.0
6921, 2.0
6922, 0.0
6923, 6.0
6924, 2.0
6925, 4.0
6926, 0.0
6927, 4.0
6928, 0.0
6929, 1.0
6930, 2.0
6931, 3.0
6932, 4.0
6933, 5.0
6934, 6.0
6935, 7.0
6936, 8.0
6937, 9.0
6938, 0.0
6939, 1.0
6940, 2.0
6941, 3.0
6942, 4.0
6943, 5.0
6944, 6.0
6945, 7.0
6946, 8.0
6947, 9.0
6948, 0.0
6949, 1.0
6950, 2.0
6951, 3.0
6952, 4.0
6953, 5.0
6954, 6.0
6955, 7.0
6956, 8.0
6957, 9.0
6958, 3.0
6959, 8.0
6960, 0.0
6961, 7.0
6962, 1.0
6963, 0.0
6964, 7.0
6965, 5.0
6966, 5.0
6967, 6.0
6968, 9.0
6969, 0.0
6970, 1.0
6971, 0.0
6972, 0.0
6973, 8.0
6974, 3.0
6975, 4.0
6976, 3.0
6977, 1.0
6978, 5.0
6979, 0.0
6980, 0.0
6981, 9.0
6982, 5.0
6983, 3.0
6984, 4.0
6985, 9.0
6986, 3.0
6987, 7.0
6988, 6.0
6989, 9.0
6990, 2.0
6991, 4.0
6992, 5.0
6993, 7.0
6994, 2.0
6995, 6.0
6996, 4.0
6997, 9.0
6998, 4.0
6999, 9.0
7000, 4.0
7001, 1.0
7002, 2.0
7003, 2.0
7004, 5.0
7005, 8.0
7006, 1.0
7007, 3.0
7008, 2.0
7009, 9.0
7010, 4.0
7011, 3.0
7012, 8.0
7013, 2.0
7014, 2.0
7015, 1.0
7016, 2.0
7017, 8.0
7018, 6.0
7019, 5.0
7020, 1.0
7021, 6.0
7022, 7.0
7023, 2.0
7024, 1.0
7025, 3.0
7026, 9.0
7027, 3.0
7028, 8.0
7029, 7.0
7030, 5.0
7031, 7.0
7032, 0.0
7033, 7.0
7034, 4.0
7035, 8.0
7036, 8.0
7037, 5.0
7038, 0.0
7039, 6.0
7040, 6.0
7041, 3.0
7042, 7.0
7043, 6.0
7044, 9.0
7045, 9.0
7046, 4.0
7047, 8.0
7048, 4.0
7049, 1.0
7050, 0.0
7051, 6.0
7052, 6.0
7053, 0.0
7054, 1.0
7055, 2.0
7056, 3.0
7057, 4.0
7058, 5.0
7059, 6.0
7060, 7.0
7061, 8.0
7062, 9.0
7063, 0.0
7064, 1.0
7065, 2.0
7066, 3.0
7067, 4.0
7068, 5.0
7069, 6.0
7070, 7.0
7071, 8.0
7072, 9.0
7073, 0.0
7074, 1.0
7075, 2.0
7076, 3.0
7077, 4.0
7078, 5.0
7079, 6.0
7080, 7.0
7081, 8.0
7082, 9.0
7083, 7.0
7084, 4.0
7085, 0.0
7086, 4.0
7087, 0.0
7088, 1.0
7089, 7.0
7090, 9.0
7091, 5.0
7092, 1.0
7093, 4.0
7094, 2.0
7095, 8.0
7096, 9.0
7097, 4.0
7098, 3.0
7099, 7.0
7100, 8.0
7101, 2.0
7102, 4.0
7103, 4.0
7104, 3.0
7105, 3.0
7106, 6.0
7107, 9.0
7108, 9.0
7109, 5.0
7110, 8.0
7111, 6.0
7112, 7.0
7113, 0.0
7114, 6.0
7115, 8.0
7116, 2.0
7117, 6.0
7118, 3.0
7119, 9.0
7120, 3.0
7121, 2.0
7122, 8.0
7123, 6.0
7124, 1.0
7125, 7.0
7126, 4.0
7127, 8.0
7128, 8.0
7129, 9.0
7130, 0.0
7131, 3.0
7132, 3.0
7133, 9.0
7134, 0.0
7135, 5.0
7136, 2.0
7137, 9.0
7138, 4.0
7139, 1.0
7140, 0.0
7141, 3.0
7142, 7.0
7143, 5.0
7144, 8.0
7145, 7.0
7146, 7.0
7147, 8.0
7148, 2.0
7149, 9.0
7150, 7.0
7151, 1.0
7152, 2.0
7153, 6.0
7154, 4.0
7155, 2.0
7156, 5.0
7157, 2.0
7158, 3.0
7159, 6.0
7160, 6.0
7161, 5.0
7162, 0.0
7163, 0.0
7164, 2.0
7165, 8.0
7166, 1.0
7167, 6.0
7168, 1.0
7169, 0.0
7170, 4.0
7171, 3.0
7172, 1.0
7173, 6.0
7174, 1.0
7175, 9.0
7176, 0.0
7177, 1.0
7178, 4.0
7179, 5.0
7180, 6.0
7181, 7.0
7182, 8.0
7183, 7.0
7184, 1.0
7185, 2.0
7186, 3.0
7187, 4.0
7188, 5.0
7189, 6.0
7190, 7.0
7191, 0.0
7192, 1.0
7193, 2.0
7194, 3.0
7195, 4.0
7196, 5.0
7197, 6.0
7198, 7.0
7199, 8.0
7200, 9.0
7201, 8.0
7202, 4.0
7203, 0.0
7204, 0.0
7205, 7.0
7206, 2.0
7207, 4.0
7208, 3.0
7209, 8.0
7210, 6.0
7211, 6.0
7212, 3.0
7213, 2.0
7214, 6.0
7215, 3.0
7216, 3.0
7217, 0.0
7218, 1.0
7219, 4.0
7220, 7.0
7221, 8.0
7222, 0.0
7223, 3.0
7224, 1.0
7225, 9.0
7226, 0.0
7227, 1.0
7228, 9.0
7229, 1.0
7230, 2.0
7231, 7.0
7232, 0.0
7233, 1.0
7234, 3.0
7235, 8.0
7236, 2.0
7237, 9.0
7238, 2.0
7239, 7.0
7240, 6.0
7241, 5.0
7242, 5.0
7243, 9.0
7244, 9.0
7245, 8.0
7246, 2.0
7247, 9.0
7248, 1.0
7249, 3.0
7250, 2.0
7251, 3.0
7252, 4.0
7253, 3.0
7254, 1.0
7255, 9.0
7256, 0.0
7257, 9.0
7258, 3.0
7259, 6.0
7260, 8.0
7261, 7.0
7262, 0.0
7263, 1.0
7264, 0.0
7265, 5.0
7266, 8.0
7267, 2.0
7268, 7.0
7269, 7.0
7270, 0.0
7271, 1.0
7272, 2.0
7273, 3.0
7274, 4.0
7275, 5.0
7276, 6.0
7277, 7.0
7278, 8.0
7279, 9.0
7280, 0.0
7281, 1.0
7282, 2.0
7283, 3.0
7284, 4.0
7285, 5.0
7286, 6.0
7287, 7.0
7288, 8.0
7289, 9.0
7290, 0.0
7291, 1.0
7292, 2.0
7293, 3.0
7294, 4.0
7295, 5.0
7296, 6.0
7297, 7.0
7298, 8.0
7299, 9.0
7300, 1.0
7301, 7.0
7302, 4.0
7303, 8.0
7304, 1.0
7305, 5.0
7306, 6.0
7307, 5.0
7308, 7.0
7309, 2.0
7310, 8.0
7311, 6.0
7312, 3.0
7313, 3.0
7314, 8.0
7315, 6.0
7316, 5.0
7317, 4.0
7318, 0.0
7319, 9.0
7320, 1.0
7321, 7.0
7322, 2.0
7323, 9.0
7324, 1.0
7325, 5.0
7326, 1.0
7327, 3.0
7328, 2.0
7329, 2.0
7330, 3.0
7331, 0.0
7332, 6.0
7333, 4.0
7334, 3.0
7335, 7.0
7336, 6.0
7337, 9.0
7338, 0.0
7339, 4.0
7340, 8.0
7341, 1.0
7342, 4.0
7343, 0.0
7344, 6.0
7345, 1.0
7346, 2.0
7347, 6.0
7348, 9.0
7349, 2.0
7350, 2.0
7351, 3.0
7352, 5.0
7353, 5.0
7354, 1.0
7355, 0.0
7356, 7.0
7357, 7.0
7358, 9.0
7359, 6.0
7360, 2.0
7361, 9.0
7362, 4.0
7363, 7.0
7364, 0.0
7365, 2.0
7366, 3.0
7367, 4.0
7368, 0.0
7369, 0.0
7370, 8.0
7371, 8.0
7372, 8.0
7373, 5.0
7374, 1.0
7375, 3.0
7376, 7.0
7377, 4.0
7378, 9.0
7379, 8.0
7380, 8.0
7381, 9.0
7382, 0.0
7383, 9.0
7384, 8.0
7385, 9.0
7386, 0.0
7387, 2.0
7388, 6.0
7389, 5.0
7390, 6.0
7391, 7.0
7392, 4.0
7393, 7.0
7394, 5.0
7395, 4.0
7396, 1.0
7397, 3.0
7398, 5.0
7399, 3.0
7400, 1.0
7401, 2.0
7402, 3.0
7403, 4.0
7404, 5.0
7405, 6.0
7406, 1.0
7407, 2.0
7408, 3.0
7409, 4.0
7410, 6.0
7411, 0.0
7412, 1.0
7413, 2.0
7414, 4.0
7415, 5.0
7416, 6.0
7417, 7.0
7418, 8.0
7419, 1.0
7420, 7.0
7421, 2.0
7422, 4.0
7423, 1.0
7424, 4.0
7425, 1.0
7426, 4.0
7427, 9.0
7428, 6.0
7429, 8.0
7430, 4.0
7431, 5.0
7432, 3.0
7433, 7.0
7434, 8.0
7435, 4.0
7436, 3.0
7437, 3.0
7438, 5.0
7439, 6.0
7440, 7.0
7441, 0.0
7442, 6.0
7443, 1.0
7444, 6.0
7445, 8.0
7446, 7.0
7447, 0.0
7448, 1.0
7449, 5.0
7450, 0.0
7451, 8.0
7452, 5.0
7453, 0.0
7454, 1.0
7455, 5.0
7456, 8.0
7457, 4.0
7458, 2.0
7459, 3.0
7460, 9.0
7461, 7.0
7462, 6.0
7463, 9.0
7464, 1.0
7465, 9.0
7466, 0.0
7467, 6.0
7468, 7.0
7469, 1.0
7470, 2.0
7471, 3.0
7472, 9.0
7473, 2.0
7474, 4.0
7475, 5.0
7476, 5.0
7477, 3.0
7478, 7.0
7479, 5.0
7480, 3.0
7481, 1.0
7482, 8.0
7483, 2.0
7484, 2.0
7485, 3.0
7486, 0.0
7487, 2.0
7488, 9.0
7489, 4.0
7490, 9.0
7491, 7.0
7492, 0.0
7493, 2.0
7494, 7.0
7495, 4.0
7496, 9.0
7497, 9.0
7498, 2.0
7499, 5.0
7500, 9.0
7501, 8.0
7502, 3.0
7503, 8.0
7504, 6.0
7505, 7.0
7506, 0.0
7507, 0.0
7508, 1.0
7509, 2.0
7510, 3.0
7511, 4.0
7512, 5.0
7513, 6.0
7514, 7.0
7515, 8.0
7516, 9.0
7517, 0.0
7518, 1.0
7519, 2.0
7520, 3.0
7521, 4.0
7522, 5.0
7523, 6.0
7524, 7.0
7525, 8.0
7526, 9.0
7527, 0.0
7528, 1.0
7529, 2.0
7530, 3.0
7531, 4.0
7532, 5.0
7533, 6.0
7534, 7.0
7535, 8.0
7536, 9.0
7537, 0.0
7538, 0.0
7539, 7.0
7540, 2.0
7541, 6.0
7542, 5.0
7543, 5.0
7544, 3.0
7545, 7.0
7546, 8.0
7547, 6.0
7548, 6.0
7549, 6.0
7550, 6.0
7551, 4.0
7552, 3.0
7553, 8.0
7554, 8.0
7555, 3.0
7556, 0.0
7557, 1.0
7558, 9.0
7559, 0.0
7560, 5.0
7561, 4.0
7562, 1.0
7563, 9.0
7564, 1.0
7565, 2.0
7566, 7.0
7567, 0.0
7568, 1.0
7569, 3.0
7570, 8.0
7571, 2.0
7572, 9.0
7573, 2.0
7574, 7.0
7575, 4.0
7576, 2.0
7577, 6.0
7578, 5.0
7579, 5.0
7580, 9.0
7581, 9.0
7582, 1.0
7583, 1.0
7584, 5.0
7585, 7.0
7586, 6.0
7587, 8.0
7588, 2.0
7589, 9.0
7590, 4.0
7591, 3.0
7592, 1.0
7593, 9.0
7594, 0.0
7595, 9.0
7596, 3.0
7597, 6.0
7598, 8.0
7599, 7.0
7600, 0.0
7601, 1.0
7602, 0.0
7603, 5.0
7604, 8.0
7605, 2.0
7606, 7.0
7607, 7.0
7608, 0.0
7609, 1.0
7610, 2.0
7611, 3.0
7612, 4.0
7613, 5.0
7614, 6.0
7615, 7.0
7616, 8.0
7617, 9.0
7618, 0.0
7619, 1.0
7620, 2.0
7621, 3.0
7622, 4.0
7623, 5.0
7624, 8.0
7625, 9.0
7626, 0.0
7627, 1.0
7628, 2.0
7629, 3.0
7630, 4.0
7631, 5.0
7632, 6.0
7633, 7.0
7634, 8.0
7635, 9.0
7636, 2.0
7637, 1.0
7638, 2.0
7639, 1.0
7640, 3.0
7641, 9.0
7642, 9.0
7643, 8.0
7644, 5.0
7645, 3.0
7646, 7.0
7647, 0.0
7648, 7.0
7649, 7.0
7650, 5.0
7651, 7.0
7652, 8.0
7653, 9.0
7654, 4.0
7655, 7.0
7656, 0.0
7657, 3.0
7658, 4.0
7659, 1.0
7660, 5.0
7661, 8.0
7662, 1.0
7663, 4.0
7664, 8.0
7665, 4.0
7666, 1.0
7667, 8.0
7668, 6.0
7669, 6.0
7670, 4.0
7671, 6.0
7672, 0.0
7673, 5.0
7674, 5.0
7675, 3.0
7676, 3.0
7677, 5.0
7678, 7.0
7679, 2.0
7680, 5.0
7681, 9.0
7682, 6.0
7683, 9.0
7684, 2.0
7685, 6.0
7686, 2.0
7687, 1.0
7688, 2.0
7689, 0.0
7690, 8.0
7691, 3.0
7692, 8.0
7693, 3.0
7694, 0.0
7695, 8.0
7696, 7.0
7697, 4.0
7698, 9.0
7699, 5.0
7700, 0.0
7701, 9.0
7702, 7.0
7703, 0.0
7704, 0.0
7705, 4.0
7706, 6.0
7707, 0.0
7708, 9.0
7709, 1.0
7710, 6.0
7711, 2.0
7712, 7.0
7713, 6.0
7714, 5.0
7715, 3.0
7716, 5.0
7717, 2.0
7718, 1.0
7719, 8.0
7720, 3.0
7721, 8.0
7722, 6.0
7723, 1.0
7724, 0.0
7725, 2.0
7726, 1.0
7727, 4.0
7728, 0.0
7729, 1.0
7730, 2.0
7731, 3.0
7732, 4.0
7733, 5.0
7734, 6.0
7735, 7.0
7736, 8.0
7737, 9.0
7738, 0.0
7739, 1.0
7740, 2.0
7741, 3.0
7742, 4.0
7743, 5.0
7744, 6.0
7745, 7.0
7746, 8.0
7747, 9.0
7748, 0.0
7749, 1.0
7750, 2.0
7751, 3.0
7752, 4.0
7753, 5.0
7754, 6.0
7755, 7.0
7756, 8.0
7757, 9.0
7758, 7.0
7759, 6.0
7760, 4.0
7761, 7.0
7762, 6.0
7763, 2.0
7764, 3.0
7765, 4.0
7766, 8.0
7767, 7.0
7768, 8.0
7769, 6.0
7770, 9.0
7771, 8.0
7772, 3.0
7773, 2.0
7774, 2.0
7775, 8.0
7776, 4.0
7777, 8.0
7778, 5.0
7779, 6.0
7780, 5.0
7781, 0.0
7782, 2.0
7783, 0.0
7784, 1.0
7785, 1.0
7786, 2.0
7787, 9.0
7788, 6.0
7789, 8.0
7790, 2.0
7791, 1.0
7792, 0.0
7793, 6.0
7794, 5.0
7795, 2.0
7796, 9.0
7797, 7.0
7798, 5.0
7799, 3.0
7800, 9.0
7801, 3.0
7802, 7.0
7803, 1.0
7804, 8.0
7805, 3.0
7806, 8.0
7807, 1.0
7808, 9.0
7809, 5.0
7810, 5.0
7811, 0.0
7812, 1.0
7813, 1.0
7814, 9.0
7815, 8.0
7816, 2.0
7817, 6.0
7818, 0.0
7819, 4.0
7820, 5.0
7821, 0.0
7822, 3.0
7823, 1.0
7824, 8.0
7825, 6.0
7826, 7.0
7827, 5.0
7828, 9.0
7829, 9.0
7830, 3.0
7831, 0.0
7832, 3.0
7833, 1.0
7834, 4.0
7835, 4.0
7836, 0.0
7837, 4.0
7838, 9.0
7839, 0.0
7840, 1.0
7841, 2.0
7842, 3.0
7843, 5.0
7844, 6.0
7845, 7.0
7846, 8.0
7847, 0.0
7848, 1.0
7849, 2.0
7850, 3.0
7851, 5.0
7852, 6.0
7853, 7.0
7854, 8.0
7855, 9.0
7856, 0.0
7857, 1.0
7858, 2.0
7859, 3.0
7860, 5.0
7861, 6.0
7862, 7.0
7863, 8.0
7864, 9.0
7865, 9.0
7866, 7.0
7867, 0.0
7868, 9.0
7869, 0.0
7870, 1.0
7871, 5.0
7872, 8.0
7873, 8.0
7874, 0.0
7875, 9.0
7876, 3.0
7877, 2.0
7878, 7.0
7879, 8.0
7880, 4.0
7881, 6.0
7882, 1.0
7883, 0.0
7884, 4.0
7885, 9.0
7886, 4.0
7887, 2.0
7888, 0.0
7889, 5.0
7890, 0.0
7891, 1.0
7892, 6.0
7893, 9.0
7894, 3.0
7895, 2.0
7896, 9.0
7897, 1.0
7898, 6.0
7899, 0.0
7900, 1.0
7901, 1.0
7902, 8.0
7903, 7.0
7904, 7.0
7905, 6.0
7906, 3.0
7907, 6.0
7908, 0.0
7909, 7.0
7910, 2.0
7911, 4.0
7912, 1.0
7913, 7.0
7914, 0.0
7915, 6.0
7916, 7.0
7917, 1.0
7918, 2.0
7919, 5.0
7920, 8.0
7921, 1.0
7922, 8.0
7923, 2.0
7924, 8.0
7925, 7.0
7926, 6.0
7927, 8.0
7928, 7.0
7929, 1.0
7930, 6.0
7931, 2.0
7932, 9.0
7933, 3.0
7934, 0.0
7935, 1.0
7936, 2.0
7937, 3.0
7938, 4.0
7939, 5.0
7940, 6.0
7941, 7.0
7942, 8.0
7943, 9.0
7944, 0.0
7945, 1.0
7946, 2.0
7947, 3.0
7948, 4.0
7949, 5.0
7950, 6.0
7951, 7.0
7952, 8.0
7953, 9.0
7954, 0.0
7955, 1.0
7956, 2.0
7957, 3.0
7958, 4.0
7959, 5.0
7960, 6.0
7961, 7.0
7962, 8.0
7963, 9.0
7964, 8.0
7965, 9.0
7966, 5.0
7967, 7.0
7968, 0.0
7969, 3.0
7970, 1.0
7971, 6.0
7972, 8.0
7973, 4.0
7974, 1.0
7975, 5.0
7976, 6.0
7977, 4.0
7978, 2.0
7979, 7.0
7980, 8.0
7981, 1.0
7982, 3.0
7983, 4.0
7984, 3.0
7985, 4.0
7986, 7.0
7987, 2.0
7988, 0.0
7989, 5.0
7990, 0.0
7991, 1.0
7992, 7.0
7993, 2.0
7994, 3.0
7995, 2.0
7996, 3.0
7997, 5.0
7998, 5.0
7999, 7.0
8000, 8.0
8001, 4.0
8002, 9.0
8003, 9.0
8004, 7.0
8005, 1.0
8006, 1.0
8007, 9.0
8008, 0.0
8009, 7.0
8010, 8.0
8011, 3.0
8012, 4.0
8013, 8.0
8014, 6.0
8015, 3.0
8016, 8.0
8017, 0.0
8018, 9.0
8019, 6.0
8020, 2.0
8021, 8.0
8022, 0.0
8023, 1.0
8024, 0.0
8025, 6.0
8026, 2.0
8027, 3.0
8028, 8.0
8029, 9.0
8030, 0.0
8031, 7.0
8032, 2.0
8033, 3.0
8034, 4.0
8035, 5.0
8036, 5.0
8037, 2.0
8038, 8.0
8039, 5.0
8040, 4.0
8041, 6.0
8042, 6.0
8043, 6.0
8044, 7.0
8045, 9.0
8046, 1.0
8047, 8.0
8048, 2.0
8049, 1.0
8050, 5.0
8051, 3.0
8052, 4.0
8053, 7.0
8054, 9.0
8055, 4.0
8056, 0.0
8057, 0.0
8058, 0.0
8059, 1.0
8060, 2.0
8061, 3.0
8062, 4.0
8063, 8.0
8064, 6.0
8065, 7.0
8066, 8.0
8067, 9.0
8068, 0.0
8069, 1.0
8070, 2.0
8071, 3.0
8072, 4.0
8073, 5.0
8074, 6.0
8075, 7.0
8076, 8.0
8077, 9.0
8078, 0.0
8079, 1.0
8080, 2.0
8081, 3.0
8082, 6.0
8083, 5.0
8084, 6.0
8085, 9.0
8086, 0.0
8087, 1.0
8088, 3.0
8089, 1.0
8090, 5.0
8091, 1.0
8092, 2.0
8093, 4.0
8094, 9.0
8095, 2.0
8096, 4.0
8097, 6.0
8098, 8.0
8099, 0.0
8100, 1.0
8101, 1.0
8102, 9.0
8103, 2.0
8104, 6.0
8105, 6.0
8106, 8.0
8107, 7.0
8108, 4.0
8109, 2.0
8110, 9.0
8111, 7.0
8112, 0.0
8113, 2.0
8114, 1.0
8115, 0.0
8116, 3.0
8117, 6.0
8118, 0.0
8119, 1.0
8120, 2.0
8121, 3.0
8122, 4.0
8123, 5.0
8124, 6.0
8125, 7.0
8126, 8.0
8127, 9.0
8128, 0.0
8129, 1.0
8130, 2.0
8131, 3.0
8132, 4.0
8133, 5.0
8134, 6.0
8135, 7.0
8136, 8.0
8137, 9.0
8138, 0.0
8139, 1.0
8140, 2.0
8141, 3.0
8142, 4.0
8143, 5.0
8144, 6.0
8145, 7.0
8146, 8.0
8147, 9.0
8148, 8.0
8149, 6.0
8150, 5.0
8151, 9.0
8152, 7.0
8153, 0.0
8154, 2.0
8155, 3.0
8156, 4.0
8157, 3.0
8158, 8.0
8159, 5.0
8160, 1.0
8161, 5.0
8162, 2.0
8163, 3.0
8164, 0.0
8165, 1.0
8166, 2.0
8167, 1.0
8168, 3.0
8169, 2.0
8170, 6.0
8171, 5.0
8172, 3.0
8173, 0.0
8174, 7.0
8175, 2.0
8176, 7.0
8177, 4.0
8178, 6.0
8179, 4.0
8180, 0.0
8181, 5.0
8182, 9.0
8183, 9.0
8184, 8.0
8185, 9.0
8186, 5.0
8187, 3.0
8188, 1.0
8189, 7.0
8190, 4.0
8191, 7.0
8192, 6.0
8193, 5.0
8194, 4.0
8195, 0.0
8196, 0.0
8197, 6.0
8198, 6.0
8199, 2.0
8200, 0.0
8201, 6.0
8202, 3.0
8203, 7.0
8204, 7.0
8205, 4.0
8206, 4.0
8207, 3.0
8208, 9.0
8209, 2.0
8210, 8.0
8211, 9.0
8212, 6.0
8213, 0.0
8214, 9.0
8215, 5.0
8216, 3.0
8217, 8.0
8218, 8.0
8219, 7.0
8220, 1.0
8221, 4.0
8222, 0.0
8223, 4.0
8224, 8.0
8225, 5.0
8226, 2.0
8227, 3.0
8228, 9.0
8229, 0.0
8230, 1.0
8231, 9.0
8232, 1.0
8233, 5.0
8234, 1.0
8235, 7.0
8236, 4.0
8237, 8.0
8238, 6.0
8239, 2.0
8240, 1.0
8241, 6.0
8242, 8.0
8243, 8.0
8244, 0.0
8245, 1.0
8246, 2.0
8247, 3.0
8248, 4.0
8249, 7.0
8250, 8.0
8251, 9.0
8252, 0.0
8253, 1.0
8254, 2.0
8255, 3.0
8256, 4.0
8257, 6.0
8258, 7.0
8259, 8.0
8260, 9.0
8261, 0.0
8262, 1.0
8263, 2.0
8264, 3.0
8265, 4.0
8266, 7.0
8267, 8.0
8268, 9.0
8269, 1.0
8270, 4.0
8271, 5.0
8272, 3.0
8273, 3.0
8274, 9.0
8275, 9.0
8276, 5.0
8277, 4.0
8278, 3.0
8279, 0.0
8280, 8.0
8281, 4.0
8282, 6.0
8283, 7.0
8284, 0.0
8285, 7.0
8286, 7.0
8287, 1.0
8288, 6.0
8289, 9.0
8290, 1.0
8291, 3.0
8292, 6.0
8293, 2.0
8294, 3.0
8295, 8.0
8296, 2.0
8297, 3.0
8298, 8.0
8299, 9.0
8300, 5.0
8301, 8.0
8302, 8.0
8303, 7.0
8304, 1.0
8305, 7.0
8306, 1.0
8307, 1.0
8308, 0.0
8309, 3.0
8310, 4.0
8311, 2.0
8312, 6.0
8313, 4.0
8314, 7.0
8315, 4.0
8316, 2.0
8317, 7.0
8318, 4.0
8319, 2.0
8320, 9.0
8321, 2.0
8322, 7.0
8323, 9.0
8324, 2.0
8325, 1.0
8326, 5.0
8327, 6.0
8328, 5.0
8329, 3.0
8330, 4.0
8331, 8.0
8332, 5.0
8333, 7.0
8334, 6.0
8335, 9.0
8336, 0.0
8337, 6.0
8338, 3.0
8339, 0.0
8340, 8.0
8341, 1.0
8342, 6.0
8343, 0.0
8344, 0.0
8345, 1.0
8346, 2.0
8347, 3.0
8348, 4.0
8349, 5.0
8350, 6.0
8351, 7.0
8352, 0.0
8353, 1.0
8354, 2.0
8355, 3.0
8356, 4.0
8357, 7.0
8358, 8.0
8359, 9.0
8360, 0.0
8361, 1.0
8362, 2.0
8363, 3.0
8364, 4.0
8365, 7.0
8366, 2.0
8367, 5.0
8368, 1.0
8369, 6.0
8370, 4.0
8371, 3.0
8372, 9.0
8373, 9.0
8374, 0.0
8375, 9.0
8376, 7.0
8377, 1.0
8378, 6.0
8379, 4.0
8380, 3.0
8381, 6.0
8382, 2.0
8383, 0.0
8384, 9.0
8385, 8.0
8386, 6.0
8387, 5.0
8388, 7.0
8389, 0.0
8390, 0.0
8391, 1.0
8392, 7.0
8393, 4.0
8394, 3.0
8395, 2.0
8396, 4.0
8397, 1.0
8398, 3.0
8399, 7.0
8400, 6.0
8401, 4.0
8402, 7.0
8403, 7.0
8404, 7.0
8405, 9.0
8406, 8.0
8407, 4.0
8408, 3.0
8409, 5.0
8410, 2.0
8411, 8.0
8412, 3.0
8413, 5.0
8414, 8.0
8415, 0.0
8416, 5.0
8417, 4.0
8418, 7.0
8419, 1.0
8420, 3.0
8421, 1.0
8422, 7.0
8423, 9.0
8424, 6.0
8425, 2.0
8426, 0.0
8427, 9.0
8428, 1.0
8429, 7.0
8430, 3.0
8431, 3.0
8432, 9.0
8433, 1.0
8434, 6.0
8435, 4.0
8436, 3.0
8437, 9.0
8438, 8.0
8439, 2.0
8440, 1.0
8441, 8.0
8442, 6.0
8443, 4.0
8444, 1.0
8445, 5.0
8446, 5.0
8447, 6.0
8448, 5.0
8449, 0.0
8450, 1.0
8451, 2.0
8452, 3.0
8453, 4.0
8454, 5.0
8455, 6.0
8456, 7.0
8457, 8.0
8458, 9.0
8459, 0.0
8460, 1.0
8461, 2.0
8462, 3.0
8463, 4.0
8464, 5.0
8465, 6.0
8466, 7.0
8467, 8.0
8468, 9.0
8469, 0.0
8470, 1.0
8471, 2.0
8472, 3.0
8473, 4.0
8474, 5.0
8475, 6.0
8476, 7.0
8477, 8.0
8478, 9.0
8479, 6.0
8480, 9.0
8481, 7.0
8482, 0.0
8483, 2.0
8484, 3.0
8485, 4.0
8486, 3.0
8487, 8.0
8488, 5.0
8489, 1.0
8490, 3.0
8491, 0.0
8492, 1.0
8493, 2.0
8494, 1.0
8495, 3.0
8496, 2.0
8497, 0.0
8498, 7.0
8499, 2.0
8500, 6.0
8501, 4.0
8502, 0.0
8503, 5.0
8504, 9.0
8505, 9.0
8506, 8.0
8507, 9.0
8508, 5.0
8509, 3.0
8510, 1.0
8511, 7.0
8512, 4.0
8513, 7.0
8514, 0.0
8515, 0.0
8516, 6.0
8517, 6.0
8518, 6.0
8519, 3.0
8520, 7.0
8521, 8.0
8522, 2.0
8523, 8.0
8524, 9.0
8525, 8.0
8526, 7.0
8527, 1.0
8528, 4.0
8529, 0.0
8530, 4.0
8531, 8.0
8532, 5.0
8533, 2.0
8534, 3.0
8535, 9.0
8536, 0.0
8537, 1.0
8538, 9.0
8539, 1.0
8540, 5.0
8541, 1.0
8542, 7.0
8543, 6.0
8544, 1.0
8545, 2.0
8546, 1.0
8547, 6.0
8548, 8.0
8549, 0.0
8550, 1.0
8551, 2.0
8552, 3.0
8553, 4.0
8554, 5.0
8555, 6.0
8556, 7.0
8557, 8.0
8558, 9.0
8559, 0.0
8560, 1.0
8561, 2.0
8562, 3.0
8563, 4.0
8564, 5.0
8565, 6.0
8566, 7.0
8567, 8.0
8568, 0.0
8569, 1.0
8570, 2.0
8571, 3.0
8572, 5.0
8573, 6.0
8574, 7.0
8575, 8.0
8576, 1.0
8577, 0.0
8578, 4.0
8579, 5.0
8580, 6.0
8581, 6.0
8582, 3.0
8583, 4.0
8584, 4.0
8585, 2.0
8586, 8.0
8587, 1.0
8588, 0.0
8589, 6.0
8590, 4.0
8591, 9.0
8592, 7.0
8593, 2.0
8594, 9.0
8595, 2.0
8596, 0.0
8597, 9.0
8598, 3.0
8599, 3.0
8600, 9.0
8601, 1.0
8602, 5.0
8603, 2.0
8604, 3.0
8605, 1.0
8606, 6.0
8607, 7.0
8608, 3.0
8609, 7.0
8610, 8.0
8611, 4.0
8612, 0.0
8613, 2.0
8614, 4.0
8615, 0.0
8616, 2.0
8617, 4.0
8618, 7.0
8619, 8.0
8620, 0.0
8621, 7.0
8622, 0.0
8623, 6.0
8624, 7.0
8625, 3.0
8626, 2.0
8627, 4.0
8628, 8.0
8629, 6.0
8630, 0.0
8631, 5.0
8632, 7.0
8633, 5.0
8634, 1.0
8635, 0.0
8636, 8.0
8637, 1.0
8638, 6.0
8639, 7.0
8640, 2.0
8641, 9.0
8642, 7.0
8643, 9.0
8644, 5.0
8645, 6.0
8646, 5.0
8647, 2.0
8648, 6.0
8649, 2.0
8650, 8.0
8651, 1.0
8652, 7.0
8653, 5.0
8654, 5.0
8655, 7.0
8656, 3.0
8657, 5.0
8658, 0.0
8659, 1.0
8660, 1.0
8661, 3.0
8662, 8.0
8663, 4.0
8664, 9.0
8665, 4.0
8666, 5.0
8667, 1.0
8668, 8.0
8669, 6.0
8670, 8.0
8671, 7.0
8672, 0.0
8673, 1.0
8674, 2.0
8675, 3.0
8676, 4.0
8677, 5.0
8678, 6.0
8679, 7.0
8680, 8.0
8681, 9.0
8682, 0.0
8683, 1.0
8684, 2.0
8685, 3.0
8686, 4.0
8687, 5.0
8688, 6.0
8689, 7.0
8690, 8.0
8691, 9.0
8692, 0.0
8693, 1.0
8694, 2.0
8695, 3.0
8696, 4.0
8697, 5.0
8698, 6.0
8699, 7.0
8700, 8.0
8701, 9.0
8702, 3.0
8703, 5.0
8704, 3.0
8705, 2.0
8706, 9.0
8707, 3.0
8708, 2.0
8709, 1.0
8710, 4.0
8711, 5.0
8712, 5.0
8713, 2.0
8714, 3.0
8715, 2.0
8716, 1.0
8717, 3.0
8718, 9.0
8719, 7.0
8720, 2.0
8721, 1.0
8722, 2.0
8723, 8.0
8724, 9.0
8725, 1.0
8726, 8.0
8727, 8.0
8728, 7.0
8729, 8.0
8730, 1.0
8731, 0.0
8732, 0.0
8733, 6.0
8734, 7.0
8735, 7.0
8736, 8.0
8737, 7.0
8738, 5.0
8739, 0.0
8740, 6.0
8741, 1.0
8742, 5.0
8743, 7.0
8744, 4.0
8745, 6.0
8746, 1.0
8747, 2.0
8748, 5.0
8749, 0.0
8750, 7.0
8751, 9.0
8752, 9.0
8753, 0.0
8754, 3.0
8755, 4.0
8756, 4.0
8757, 8.0
8758, 4.0
8759, 1.0
8760, 8.0
8761, 6.0
8762, 5.0
8763, 9.0
8764, 0.0
8765, 0.0
8766, 0.0
8767, 3.0
8768, 7.0
8769, 1.0
8770, 6.0
8771, 4.0
8772, 6.0
8773, 0.0
8774, 4.0
8775, 5.0
8776, 4.0
8777, 1.0
8778, 3.0
8779, 8.0
8780, 6.0
8781, 3.0
8782, 9.0
8783, 9.0
8784, 5.0
8785, 9.0
8786, 3.0
8787, 7.0
8788, 8.0
8789, 5.0
8790, 6.0
8791, 4.0
8792, 7.0
8793, 6.0
8794, 2.0
8795, 2.0
8796, 0.0
8797, 9.0
8798, 4.0
8799, 0.0
8800, 1.0
8801, 2.0
8802, 3.0
8803, 4.0
8804, 5.0
8805, 6.0
8806, 7.0
8807, 8.0
8808, 9.0
8809, 0.0
8810, 1.0
8811, 2.0
8812, 3.0
8813, 4.0
8814, 5.0
8815, 6.0
8816, 7.0
8817, 8.0
8818, 9.0
8819, 0.0
8820, 1.0
8821, 2.0
8822, 3.0
8823, 4.0
8824, 5.0
8825, 6.0
8826, 7.0
8827, 8.0
8828, 9.0
8829, 6.0
8830, 4.0
8831, 2.0
8832, 6.0
8833, 4.0
8834, 7.0
8835, 5.0
8836, 5.0
8837, 4.0
8838, 7.0
8839, 2.0
8840, 9.0
8841, 3.0
8842, 9.0
8843, 3.0
8844, 8.0
8845, 2.0
8846, 0.0
8847, 9.0
8848, 5.0
8849, 6.0
8850, 0.0
8851, 1.0
8852, 0.0
8853, 6.0
8854, 5.0
8855, 3.0
8856, 5.0
8857, 3.0
8858, 8.0
8859, 0.0
8860, 0.0
8861, 3.0
8862, 4.0
8863, 1.0
8864, 5.0
8865, 3.0
8866, 0.0
8867, 8.0
8868, 3.0
8869, 0.0
8870, 6.0
8871, 2.0
8872, 7.0
8873, 8.0
8874, 1.0
8875, 7.0
8876, 1.0
8877, 3.0
8878, 8.0
8879, 5.0
8880, 4.0
8881, 2.0
8882, 0.0
8883, 9.0
8884, 7.0
8885, 6.0
8886, 7.0
8887, 4.0
8888, 1.0
8889, 6.0
8890, 2.0
8891, 6.0
8892, 7.0
8893, 1.0
8894, 9.0
8895, 8.0
8896, 0.0
8897, 6.0
8898, 9.0
8899, 4.0
8900, 9.0
8901, 9.0
8902, 6.0
8903, 2.0
8904, 3.0
8905, 7.0
8906, 1.0
8907, 9.0
8908, 2.0
8909, 2.0
8910, 5.0
8911, 3.0
8912, 7.0
8913, 8.0
8914, 0.0
8915, 1.0
8916, 2.0
8917, 3.0
8918, 4.0
8919, 7.0
8920, 8.0
8921, 9.0
8922, 0.0
8923, 1.0
8924, 2.0
8925, 3.0
8926, 4.0
8927, 7.0
8928, 8.0
8929, 9.0
8930, 0.0
8931, 1.0
8932, 7.0
8933, 8.0
8934, 9.0
8935, 8.0
8936, 9.0
8937, 2.0
8938, 6.0
8939, 1.0
8940, 3.0
8941, 5.0
8942, 4.0
8943, 8.0
8944, 2.0
8945, 6.0
8946, 4.0
8947, 3.0
8948, 4.0
8949, 5.0
8950, 9.0
8951, 2.0
8952, 0.0
8953, 3.0
8954, 9.0
8955, 4.0
8956, 9.0
8957, 7.0
8958, 3.0
8959, 8.0
8960, 7.0
8961, 4.0
8962, 4.0
8963, 9.0
8964, 8.0
8965, 5.0
8966, 8.0
8967, 2.0
8968, 6.0
8969, 6.0
8970, 2.0
8971, 3.0
8972, 1.0
8973, 3.0
8974, 2.0
8975, 7.0
8976, 3.0
8977, 1.0
8978, 9.0
8979, 0.0
8980, 1.0
8981, 1.0
8982, 3.0
8983, 5.0
8984, 0.0
8985, 7.0
8986, 8.0
8987, 1.0
8988, 5.0
8989, 1.0
8990, 4.0
8991, 6.0
8992, 0.0
8993, 0.0
8994, 4.0
8995, 9.0
8996, 1.0
8997, 6.0
8998, 6.0
8999, 9.0
9000, 0.0
9001, 7.0
9002, 6.0
9003, 1.0
9004, 1.0
9005, 0.0
9006, 1.0
9007, 2.0
9008, 3.0
9009, 4.0
9010, 2.0
9011, 2.0
9012, 3.0
9013, 4.0
9014, 5.0
9015, 6.0
9016, 2.0
9017, 0.0
9018, 1.0
9019, 2.0
9020, 2.0
9021, 8.0
9022, 6.0
9023, 3.0
9024, 9.0
9025, 2.0
9026, 1.0
9027, 9.0
9028, 3.0
9029, 9.0
9030, 6.0
9031, 1.0
9032, 7.0
9033, 2.0
9034, 4.0
9035, 4.0
9036, 5.0
9037, 2.0
9038, 0.0
9039, 0.0
9040, 1.0
9041, 6.0
9042, 6.0
9043, 8.0
9044, 2.0
9045, 7.0
9046, 7.0
9047, 2.0
9048, 4.0
9049, 2.0
9050, 1.0
9051, 6.0
9052, 1.0
9053, 0.0
9054, 6.0
9055, 9.0
9056, 8.0
9057, 3.0
9058, 9.0
9059, 6.0
9060, 3.0
9061, 0.0
9062, 1.0
9063, 2.0
9064, 3.0
9065, 4.0
9066, 5.0
9067, 6.0
9068, 7.0
9069, 8.0
9070, 9.0
9071, 0.0
9072, 1.0
9073, 2.0
9074, 3.0
9075, 4.0
9076, 5.0
9077, 6.0
9078, 7.0
9079, 8.0
9080, 9.0
9081, 0.0
9082, 1.0
9083, 2.0
9084, 3.0
9085, 4.0
9086, 5.0
9087, 6.0
9088, 7.0
9089, 8.0
9090, 9.0
9091, 1.0
9092, 6.0
9093, 8.0
9094, 9.0
9095, 9.0
9096, 0.0
9097, 1.0
9098, 2.0
9099, 4.0
9100, 4.0
9101, 3.0
9102, 7.0
9103, 4.0
9104, 4.0
9105, 4.0
9106, 0.0
9107, 3.0
9108, 8.0
9109, 7.0
9110, 5.0
9111, 8.0
9112, 2.0
9113, 1.0
9114, 7.0
9115, 5.0
9116, 3.0
9117, 8.0
9118, 5.0
9119, 2.0
9120, 5.0
9121, 1.0
9122, 1.0
9123, 6.0
9124, 2.0
9125, 1.0
9126, 3.0
9127, 8.0
9128, 6.0
9129, 4.0
9130, 2.0
9131, 6.0
9132, 2.0
9133, 5.0
9134, 5.0
9135, 0.0
9136, 2.0
9137, 8.0
9138, 0.0
9139, 6.0
9140, 8.0
9141, 1.0
9142, 7.0
9143, 9.0
9144, 1.0
9145, 9.0
9146, 2.0
9147, 6.0
9148, 7.0
9149, 6.0
9150, 6.0
9151, 8.0
9152, 7.0
9153, 4.0
9154, 9.0
9155, 2.0
9156, 1.0
9157, 3.0
9158, 3.0
9159, 0.0
9160, 5.0
9161, 5.0
9162, 8.0
9163, 0.0
9164, 3.0
9165, 7.0
9166, 9.0
9167, 7.0
9168, 0.0
9169, 2.0
9170, 7.0
9171, 9.0
9172, 1.0
9173, 7.0
9174, 8.0
9175, 0.0
9176, 3.0
9177, 5.0
9178, 3.0
9179, 6.0
9180, 0.0
9181, 1.0
9182, 2.0
9183, 3.0
9184, 4.0
9185, 5.0
9186, 6.0
9187, 7.0
9188, 8.0
9189, 9.0
9190, 0.0
9191, 1.0
9192, 2.0
9193, 3.0
9194, 4.0
9195, 5.0
9196, 6.0
9197, 7.0
9198, 8.0
9199, 9.0
9200, 0.0
9201, 1.0
9202, 2.0
9203, 3.0
9204, 4.0
9205, 7.0
9206, 8.0
9207, 9.0
9208, 6.0
9209, 4.0
9210, 2.0
9211, 6.0
9212, 4.0
9213, 7.0
9214, 8.0
9215, 9.0
9216, 2.0
9217, 9.0
9218, 3.0
9219, 9.0
9220, 3.0
9221, 0.0
9222, 0.0
9223, 1.0
9224, 0.0
9225, 4.0
9226, 2.0
9227, 6.0
9228, 3.0
9229, 5.0
9230, 3.0
9231, 0.0
9232, 3.0
9233, 4.0
9234, 1.0
9235, 5.0
9236, 3.0
9237, 0.0
9238, 8.0
9239, 3.0
9240, 0.0
9241, 6.0
9242, 1.0
9243, 7.0
9244, 8.0
9245, 0.0
9246, 9.0
9247, 2.0
9248, 6.0
9249, 7.0
9250, 1.0
9251, 9.0
9252, 6.0
9253, 9.0
9254, 4.0
9255, 9.0
9256, 9.0
9257, 6.0
9258, 7.0
9259, 1.0
9260, 2.0
9261, 5.0
9262, 3.0
9263, 7.0
9264, 8.0
9265, 0.0
9266, 1.0
9267, 2.0
9268, 4.0
9269, 5.0
9270, 6.0
9271, 7.0
9272, 8.0
9273, 9.0
9274, 0.0
9275, 1.0
9276, 3.0
9277, 4.0
9278, 5.0
9279, 6.0
9280, 7.0
9281, 5.0
9282, 0.0
9283, 1.0
9284, 3.0
9285, 4.0
9286, 7.0
9287, 8.0
9288, 9.0
9289, 7.0
9290, 5.0
9291, 5.0
9292, 1.0
9293, 9.0
9294, 7.0
9295, 7.0
9296, 1.0
9297, 0.0
9298, 0.0
9299, 5.0
9300, 9.0
9301, 7.0
9302, 1.0
9303, 7.0
9304, 2.0
9305, 2.0
9306, 3.0
9307, 6.0
9308, 8.0
9309, 3.0
9310, 2.0
9311, 0.0
9312, 0.0
9313, 6.0
9314, 1.0
9315, 7.0
9316, 5.0
9317, 3.0
9318, 6.0
9319, 2.0
9320, 9.0
9321, 4.0
9322, 8.0
9323, 8.0
9324, 7.0
9325, 1.0
9326, 0.0
9327, 8.0
9328, 7.0
9329, 7.0
9330, 5.0
9331, 8.0
9332, 5.0
9333, 3.0
9334, 4.0
9335, 6.0
9336, 1.0
9337, 1.0
9338, 5.0
9339, 5.0
9340, 2.0
9341, 7.0
9342, 2.0
9343, 3.0
9344, 6.0
9345, 4.0
9346, 1.0
9347, 2.0
9348, 4.0
9349, 1.0
9350, 5.0
9351, 4.0
9352, 2.0
9353, 0.0
9354, 4.0
9355, 8.0
9356, 6.0
9357, 1.0
9358, 9.0
9359, 0.0
9360, 2.0
9361, 5.0
9362, 6.0
9363, 9.0
9364, 3.0
9365, 6.0
9366, 3.0
9367, 6.0
9368, 0.0
9369, 1.0
9370, 2.0
9371, 3.0
9372, 4.0
9373, 5.0
9374, 6.0
9375, 7.0
9376, 8.0
9377, 9.0
9378, 0.0
9379, 1.0
9380, 2.0
9381, 3.0
9382, 4.0
9383, 5.0
9384, 6.0
9385, 7.0
9386, 8.0
9387, 9.0
9388, 0.0
9389, 1.0
9390, 2.0
9391, 3.0
9392, 5.0
9393, 6.0
9394, 7.0
9395, 8.0
9396, 1.0
9397, 0.0
9398, 9.0
9399, 5.0
9400, 7.0
9401, 5.0
9402, 1.0
9403, 8.0
9404, 6.0
9405, 9.0
9406, 0.0
9407, 4.0
9408, 1.0
9409, 9.0
9410, 3.0
9411, 8.0
9412, 4.0
9413, 4.0
9414, 7.0
9415, 0.0
9416, 1.0
9417, 9.0
9418, 2.0
9419, 8.0
9420, 7.0
9421, 8.0
9422, 2.0
9423, 5.0
9424, 9.0
9425, 6.0
9426, 0.0
9427, 6.0
9428, 5.0
9429, 5.0
9430, 3.0
9431, 3.0
9432, 3.0
9433, 9.0
9434, 8.0
9435, 1.0
9436, 1.0
9437, 0.0
9438, 6.0
9439, 1.0
9440, 0.0
9441, 0.0
9442, 6.0
9443, 2.0
9444, 1.0
9445, 1.0
9446, 3.0
9447, 2.0
9448, 7.0
9449, 7.0
9450, 8.0
9451, 8.0
9452, 7.0
9453, 8.0
9454, 4.0
9455, 6.0
9456, 0.0
9457, 2.0
9458, 0.0
9459, 7.0
9460, 0.0
9461, 3.0
9462, 6.0
9463, 8.0
9464, 7.0
9465, 1.0
9466, 5.0
9467, 9.0
9468, 9.0
9469, 3.0
9470, 7.0
9471, 2.0
9472, 4.0
9473, 9.0
9474, 4.0
9475, 3.0
9476, 6.0
9477, 2.0
9478, 2.0
9479, 5.0
9480, 3.0
9481, 2.0
9482, 5.0
9483, 5.0
9484, 9.0
9485, 4.0
9486, 1.0
9487, 7.0
9488, 2.0
9489, 0.0
9490, 1.0
9491, 2.0
9492, 3.0
9493, 4.0
9494, 5.0
9495, 6.0
9496, 7.0
9497, 8.0
9498, 8.0
9499, 0.0
9500, 1.0
9501, 2.0
9502, 3.0
9503, 4.0
9504, 5.0
9505, 6.0
9506, 7.0
9507, 8.0
9508, 9.0
9509, 0.0
9510, 1.0
9511, 2.0
9512, 3.0
9513, 4.0
9514, 5.0
9515, 6.0
9516, 7.0
9517, 8.0
9518, 9.0
9519, 1.0
9520, 0.0
9521, 1.0
9522, 2.0
9523, 7.0
9524, 5.0
9525, 3.0
9526, 4.0
9527, 4.0
9528, 0.0
9529, 0.0
9530, 6.0
9531, 9.0
9532, 6.0
9533, 6.0
9534, 5.0
9535, 7.0
9536, 2.0
9537, 3.0
9538, 4.0
9539, 4.0
9540, 9.0
9541, 1.0
9542, 4.0
9543, 0.0
9544, 7.0
9545, 9.0
9546, 5.0
9547, 7.0
9548, 2.0
9549, 3.0
9550, 1.0
9551, 4.0
9552, 4.0
9553, 0.0
9554, 9.0
9555, 9.0
9556, 6.0
9557, 1.0
9558, 8.0
9559, 3.0
9560, 3.0
9561, 7.0
9562, 3.0
9563, 9.0
9564, 8.0
9565, 8.0
9566, 4.0
9567, 7.0
9568, 7.0
9569, 6.0
9570, 2.0
9571, 1.0
9572, 9.0
9573, 8.0
9574, 7.0
9575, 8.0
9576, 8.0
9577, 7.0
9578, 2.0
9579, 2.0
9580, 3.0
9581, 9.0
9582, 3.0
9583, 3.0
9584, 5.0
9585, 5.0
9586, 0.0
9587, 7.0
9588, 4.0
9589, 5.0
9590, 6.0
9591, 5.0
9592, 1.0
9593, 4.0
9594, 1.0
9595, 1.0
9596, 2.0
9597, 8.0
9598, 2.0
9599, 6.0
9600, 1.0
9601, 5.0
9602, 0.0
9603, 1.0
9604, 2.0
9605, 3.0
9606, 4.0
9607, 5.0
9608, 6.0
9609, 7.0
9610, 8.0
9611, 9.0
9612, 0.0
9613, 1.0
9614, 2.0
9615, 3.0
9616, 4.0
9617, 5.0
9618, 6.0
9619, 7.0
9620, 8.0
9621, 9.0
9622, 0.0
9623, 1.0
9624, 2.0
9625, 3.0
9626, 4.0
9627, 5.0
9628, 6.0
9629, 7.0
9630, 8.0
9631, 8.0
9632, 0.0
9633, 6.0
9634, 0.0
9635, 8.0
9636, 2.0
9637, 3.0
9638, 7.0
9639, 7.0
9640, 4.0
9641, 7.0
9642, 1.0
9643, 7.0
9644, 1.0
9645, 7.0
9646, 1.0
9647, 4.0
9648, 0.0
9649, 0.0
9650, 1.0
9651, 7.0
9652, 5.0
9653, 7.0
9654, 1.0
9655, 3.0
9656, 3.0
9657, 3.0
9658, 1.0
9659, 6.0
9660, 9.0
9661, 7.0
9662, 1.0
9663, 2.0
9664, 0.0
9665, 2.0
9666, 6.0
9667, 0.0
9668, 8.0
9669, 9.0
9670, 4.0
9671, 3.0
9672, 5.0
9673, 4.0
9674, 8.0
9675, 1.0
9676, 5.0
9677, 9.0
9678, 0.0
9679, 6.0
9680, 6.0
9681, 3.0
9682, 8.0
9683, 1.0
9684, 4.0
9685, 7.0
9686, 5.0
9687, 2.0
9688, 0.0
9689, 0.0
9690, 1.0
9691, 7.0
9692, 8.0
9693, 9.0
9694, 6.0
9695, 8.0
9696, 8.0
9697, 2.0
9698, 3.0
9699, 6.0
9700, 1.0
9701, 8.0
9702, 9.0
9703, 5.0
9704, 2.0
9705, 0.0
9706, 1.0
9707, 2.0
9708, 3.0
9709, 4.0
9710, 5.0
9711, 6.0
9712, 7.0
9713, 8.0
9714, 9.0
9715, 0.0
9716, 1.0
9717, 2.0
9718, 3.0
9719, 4.0
9720, 5.0
9721, 6.0
9722, 7.0
9723, 8.0
9724, 9.0
9725, 0.0
9726, 1.0
9727, 2.0
9728, 3.0
9729, 4.0
9730, 5.0
9731, 6.0
9732, 7.0
9733, 8.0
9734, 9.0
9735, 7.0
9736, 4.0
9737, 6.0
9738, 1.0
9739, 4.0
9740, 0.0
9741, 9.0
9742, 9.0
9743, 3.0
9744, 7.0
9745, 8.0
9746, 4.0
9747, 7.0
9748, 5.0
9749, 8.0
9750, 5.0
9751, 3.0
9752, 2.0
9753, 2.0
9754, 0.0
9755, 5.0
9756, 8.0
9757, 6.0
9758, 0.0
9759, 3.0
9760, 8.0
9761, 1.0
9762, 0.0
9763, 3.0
9764, 0.0
9765, 4.0
9766, 7.0
9767, 4.0
9768, 9.0
9769, 2.0
9770, 9.0
9771, 0.0
9772, 7.0
9773, 1.0
9774, 7.0
9775, 1.0
9776, 6.0
9777, 6.0
9778, 5.0
9779, 6.0
9780, 2.0
9781, 8.0
9782, 7.0
9783, 6.0
9784, 4.0
9785, 9.0
9786, 9.0
9787, 5.0
9788, 3.0
9789, 7.0
9790, 4.0
9791, 3.0
9792, 0.0
9793, 4.0
9794, 6.0
9795, 6.0
9796, 1.0
9797, 1.0
9798, 3.0
9799, 2.0
9800, 1.0
9801, 0.0
9802, 0.0
9803, 1.0
9804, 2.0
9805, 3.0
9806, 4.0
9807, 7.0
9808, 8.0
9809, 9.0
9810, 0.0
9811, 1.0
9812, 2.0
9813, 3.0
9814, 4.0
9815, 5.0
9816, 6.0
9817, 7.0
9818, 8.0
9819, 0.0
9820, 1.0
9821, 2.0
9822, 3.0
9823, 4.0
9824, 7.0
9825, 8.0
9826, 9.0
9827, 0.0
9828, 8.0
9829, 3.0
9830, 9.0
9831, 5.0
9832, 5.0
9833, 2.0
9834, 6.0
9835, 8.0
9836, 4.0
9837, 1.0
9838, 7.0
9839, 1.0
9840, 2.0
9841, 3.0
9842, 5.0
9843, 6.0
9844, 9.0
9845, 1.0
9846, 1.0
9847, 1.0
9848, 2.0
9849, 1.0
9850, 2.0
9851, 0.0
9852, 7.0
9853, 7.0
9854, 5.0
9855, 8.0
9856, 2.0
9857, 9.0
9858, 8.0
9859, 6.0
9860, 7.0
9861, 3.0
9862, 4.0
9863, 6.0
9864, 8.0
9865, 7.0
9866, 0.0
9867, 4.0
9868, 2.0
9869, 7.0
9870, 7.0
9871, 5.0
9872, 4.0
9873, 3.0
9874, 4.0
9875, 2.0
9876, 8.0
9877, 1.0
9878, 5.0
9879, 1.0
9880, 2.0
9881, 2.0
9882, 3.0
9883, 3.0
9884, 5.0
9885, 7.0
9886, 0.0
9887, 6.0
9888, 8.0
9889, 0.0
9890, 3.0
9891, 9.0
9892, 9.0
9893, 8.0
9894, 2.0
9895, 7.0
9896, 7.0
9897, 1.0
9898, 0.0
9899, 1.0
9900, 7.0
9901, 8.0
9902, 9.0
9903, 0.0
9904, 1.0
9905, 2.0
9906, 9.0
9907, 4.0
9908, 5.0
9909, 6.0
9910, 7.0
9911, 8.0
9912, 0.0
9913, 1.0
9914, 2.0
9915, 3.0
9916, 4.0
9917, 7.0
9918, 8.0
9919, 9.0
9920, 7.0
9921, 8.0
9922, 6.0
9923, 4.0
9924, 1.0
9925, 9.0
9926, 3.0
9927, 8.0
9928, 4.0
9929, 4.0
9930, 7.0
9931, 0.0
9932, 1.0
9933, 9.0
9934, 2.0
9935, 8.0
9936, 7.0
9937, 8.0
9938, 2.0
9939, 6.0
9940, 0.0
9941, 6.0
9942, 5.0
9943, 3.0
9944, 3.0
9945, 8.0
9946, 9.0
9947, 1.0
9948, 4.0
9949, 0.0
9950, 6.0
9951, 1.0
9952, 0.0
9953, 0.0
9954, 6.0
9955, 2.0
9956, 1.0
9957, 1.0
9958, 7.0
9959, 7.0
9960, 8.0
9961, 4.0
9962, 6.0
9963, 0.0
9964, 7.0
9965, 0.0
9966, 3.0
9967, 6.0
9968, 8.0
9969, 7.0
9970, 1.0
9971, 5.0
9972, 2.0
9973, 4.0
9974, 9.0
9975, 4.0
9976, 3.0
9977, 6.0
9978, 4.0
9979, 1.0
9980, 7.0
9981, 2.0
9982, 6.0
9983, 5.0
9984, 0.0
9985, 1.0
9986, 2.0
9987, 3.0
9988, 4.0
9989, 5.0
9990, 6.0
9991, 7.0
9992, 8.0
9993, 9.0
9994, 0.0
9995, 1.0
9996, 2.0
9997, 3.0
9998, 4.0
9999, 5.0
10000, 6.0